1775760630764 31.30023765563965 1
1775760631882 30.613435745239258 2
1775760633315 31.291913986206055 3
1775760634520 31.299753189086914 4
1775760635622 30.628210067749023 5
1775760637017 31.284421920776367 6
1775760638253 31.291584014892578 7
1775760639385 30.691425323486328 8
1775760640778 31.286216735839844 9
1775760642033 31.29534339904785 10
1775760643169 30.6181640625 11
1775760644698 31.293251037597656 12
1775760646024 31.296552658081055 13
1775760647156 30.62714195251465 14
1775760648731 31.29425048828125 15
1775760649988 31.264511108398438 16
1775760651135 30.652833938598633 17
1775760652506 31.293418884277344 18
1775760653737 31.29896354675293 19
1775760654863 30.627723693847656 20
1775760656230 31.292482376098633 21
1775760657563 31.297529220581055 22
1775760658682 30.623958587646484 23
1775760660038 31.295438766479492 24
1775760661267 31.336503982543945 25
1775760662382 30.605186462402344 26
1775760663771 31.323158264160156 27
1775760665005 31.33449363708496 28
1775760666129 30.61725425720215 29
1775760667510 31.292573928833008 30
1775760668861 31.28178596496582 31
1775760669973 30.60045623779297 32
1775760671436 31.26788330078125 33
1775760672669 31.23215103149414 34
1775760673823 30.62904167175293 35
1775760675261 31.40420913696289 36
1775760676501 31.409019470214844 37
1775760677734 30.629112243652344 38
1775760679180 31.29103660583496 39
1775760680421 31.312898635864258 40
1775760681533 30.63024139404297 41
1775760682922 31.29779624938965 42
1775760684146 31.29308319091797 43
1775760685263 30.607343673706055 44
1775760686659 31.292695999145508 45
1775760687964 31.319425582885742 46
1775760689082 30.62152671813965 47
1775760690495 31.32457160949707 48
1775760691732 31.284687042236328 49
1775760692856 30.61005973815918 50
1775760694275 31.272207260131836 51
1775760695601 31.297149658203125 52
1775760696705 30.61703109741211 53
1775760698065 31.288536071777344 54
1775760699289 31.29743003845215 55
1775760700408 30.621980667114258 56
1775760701746 31.291250228881836 57
1775760703016 31.29365348815918 58
1775760704304 30.625394821166992 59
1775760705682 31.260740280151367 60
1775760706980 31.297149658203125 61
1775760708069 30.62761878967285 62
1775760709476 31.27812385559082 63
1775760710743 31.297149658203125 64
1775760711833 30.623212814331055 65
1775760713245 31.29143714904785 66
1775760714445 31.290185928344727 67
1775760715647 30.625394821166992 68
1775760717005 31.255178451538086 69
1775760718299 31.29543685913086 70
1775760719425 30.629863739013672 71
1775760720836 31.292343139648438 72
1775760722083 31.297149658203125 73
1775760723195 30.626792907714844 74
1775760724589 31.288496017456055 75
1775760725950 31.297149658203125 76
1775760727065 30.594816207885742 77
1775760728576 31.296112060546875 78
1775760729815 31.297149658203125 79
1775760730930 30.62506103515625 80
1775760732292 31.295928955078125 81
1775760733655 31.298858642578125 82
1775760734762 30.629375457763672 83
1775760736157 31.26898765563965 84
1775760737384 31.292762756347656 85
1775760738543 30.643709182739258 86
1775760740007 31.315664291381836 87
1775760741260 31.29755210876465 88
1775760742356 30.62750244140625 89
1775760743664 31.29821014404297 90
1775760744884 31.296293258666992 91
1775760745968 30.55536460876465 92
1775760747346 31.294273376464844 93
1775760748571 31.290281295776367 94
1775760749657 30.64031982421875 95
1775760751023 31.296566009521484 96
1775760752298 31.300621032714844 97
1775760753495 30.62519645690918 98
1775760754861 31.288358688354492 99
1775760756088 31.29434585571289 100
