1775760630764 0.0 1
1775760631882 0.0 2
1775760633315 0.0 3
1775760634520 0.0 4
1775760635622 0.0 5
1775760637017 0.0 6
1775760638253 0.0 7
1775760639385 0.0 8
1775760640778 0.0 9
1775760642033 0.0 10
1775760643169 0.0 11
1775760644698 0.0 12
1775760646024 0.0 13
1775760647156 0.0 14
1775760648731 0.0 15
1775760649988 0.0 16
1775760651135 0.0 17
1775760652506 0.0 18
1775760653737 0.0 19
1775760654863 0.0 20
1775760656230 0.0 21
1775760657563 0.0 22
1775760658682 0.0 23
1775760660038 0.0 24
1775760661267 0.0 25
1775760662382 0.0 26
1775760663771 0.0 27
1775760665005 0.0 28
1775760666129 0.0 29
1775760667510 0.0 30
1775760668861 0.0 31
1775760669973 0.0 32
1775760671436 0.0 33
1775760672669 0.0 34
1775760673823 0.0 35
1775760675261 0.0 36
1775760676501 0.0 37
1775760677734 0.0 38
1775760679180 0.0 39
1775760680421 0.0 40
1775760681533 0.0 41
1775760682922 0.0 42
1775760684146 0.0 43
1775760685263 0.0 44
1775760686659 0.0 45
1775760687964 0.0 46
1775760689082 0.0 47
1775760690495 0.0 48
1775760691732 0.0 49
1775760692856 0.0 50
1775760694275 0.0 51
1775760695601 0.0 52
1775760696705 0.0 53
1775760698065 0.0 54
1775760699289 0.0 55
1775760700408 0.0 56
1775760701746 0.0 57
1775760703016 0.0 58
1775760704304 0.0 59
1775760705682 0.0 60
1775760706980 0.0 61
1775760708069 0.0 62
1775760709476 0.0 63
1775760710743 0.0 64
1775760711833 0.0 65
1775760713245 0.0 66
1775760714445 0.0 67
1775760715647 0.0 68
1775760717005 0.0 69
1775760718299 0.0 70
1775760719425 0.0 71
1775760720836 0.0 72
1775760722083 0.0 73
1775760723195 0.0 74
1775760724589 0.0 75
1775760725950 0.0 76
1775760727065 0.0 77
1775760728576 0.0 78
1775760729815 0.0 79
1775760730930 0.0 80
1775760732292 0.0 81
1775760733655 0.0 82
1775760734762 0.0 83
1775760736157 0.0 84
1775760737384 0.0 85
1775760738543 0.0 86
1775760740007 0.0 87
1775760741260 0.0 88
1775760742356 0.0 89
1775760743664 0.0 90
1775760744884 0.0 91
1775760745968 0.0 92
1775760747346 0.0 93
1775760748571 0.0 94
1775760749657 0.0 95
1775760751023 0.0 96
1775760752298 0.0 97
1775760753495 0.0 98
1775760754861 0.0 99
1775760756088 0.0 100
