1775760630764 101.0 1
1775760631882 101.0 2
1775760633315 101.0 3
1775760634520 101.0 4
1775760635622 101.0 5
1775760637017 101.0 6
1775760638253 101.0 7
1775760639385 101.0 8
1775760640778 101.0 9
1775760642033 101.0 10
1775760643169 101.0 11
1775760644698 101.0 12
1775760646024 101.0 13
1775760647156 101.0 14
1775760648731 101.0 15
1775760649988 101.0 16
1775760651135 101.0 17
1775760652506 101.0 18
1775760653737 101.0 19
1775760654863 101.0 20
1775760656230 101.0 21
1775760657563 101.0 22
1775760658682 101.0 23
1775760660038 101.0 24
1775760661267 101.0 25
1775760662382 101.0 26
1775760663771 101.0 27
1775760665005 101.0 28
1775760666129 101.0 29
1775760667510 101.0 30
1775760668861 101.0 31
1775760669973 101.0 32
1775760671436 101.0 33
1775760672669 101.0 34
1775760673823 101.0 35
1775760675261 101.0 36
1775760676501 101.0 37
1775760677734 101.0 38
1775760679180 101.0 39
1775760680421 101.0 40
1775760681533 101.0 41
1775760682922 101.0 42
1775760684146 101.0 43
1775760685263 101.0 44
1775760686659 101.0 45
1775760687964 101.0 46
1775760689082 101.0 47
1775760690495 101.0 48
1775760691732 101.0 49
1775760692856 101.0 50
1775760694275 101.0 51
1775760695601 101.0 52
1775760696705 101.0 53
1775760698065 101.0 54
1775760699289 101.0 55
1775760700408 101.0 56
1775760701746 101.0 57
1775760703016 101.0 58
1775760704304 101.0 59
1775760705682 101.0 60
1775760706980 101.0 61
1775760708069 101.0 62
1775760709476 101.0 63
1775760710743 101.0 64
1775760711833 101.0 65
1775760713245 101.0 66
1775760714445 101.0 67
1775760715647 101.0 68
1775760717005 101.0 69
1775760718299 101.0 70
1775760719425 101.0 71
1775760720836 101.0 72
1775760722083 101.0 73
1775760723195 101.0 74
1775760724589 101.0 75
1775760725950 101.0 76
1775760727065 101.0 77
1775760728576 101.0 78
1775760729815 101.0 79
1775760730930 101.0 80
1775760732292 101.0 81
1775760733655 101.0 82
1775760734762 101.0 83
1775760736157 101.0 84
1775760737384 101.0 85
1775760738543 101.0 86
1775760740007 101.0 87
1775760741260 101.0 88
1775760742356 101.0 89
1775760743664 101.0 90
1775760744884 101.0 91
1775760745968 101.0 92
1775760747346 101.0 93
1775760748571 101.0 94
1775760749657 101.0 95
1775760751023 101.0 96
1775760752298 101.0 97
1775760753495 101.0 98
1775760754861 101.0 99
1775760756088 101.0 100
