1775760630764 0.35423317134380383 1
1775760631882 4.985424915552141 2
1775760633315 13.353203010037543 3
1775760634520 0.3704151022434239 4
1775760635622 5.017646486163141 5
1775760637017 13.343037363365294 6
1775760638253 0.3374838936328892 7
1775760639385 4.991778651475908 8
1775760640778 13.362752091363074 9
1775760642033 0.3531016814708714 10
1775760643169 4.99820322006941 11
1775760644698 13.353733118847014 12
1775760646024 0.3532504099607472 13
1775760647156 5.075952874720098 14
1775760648731 13.358518090322615 15
1775760649988 0.3611849355697636 16
1775760651135 5.0162043517828 17
1775760652506 13.35475667960942 18
1775760653737 0.3580988752841954 19
1775760654863 5.007818253934385 20
1775760656230 13.341403570249678 21
1775760657563 0.3534646737575535 22
1775760658682 5.00316716194153 23
1775760660038 13.360695835426451 24
1775760661267 0.35676264345645947 25
1775760662382 5.003156902492048 26
1775760663771 13.331190522983672 27
1775760665005 0.3495599734783177 28
1775760666129 5.55955291002989 29
1775760667510 13.3388381267339 30
1775760668861 0.3597932565212254 31
1775760669973 5.0187156444787995 32
1775760671436 13.36062940604985 33
1775760672669 0.38405726432800336 34
1775760673823 5.005820306241514 35
1775760675261 11.520559502020479 36
1775760676501 -1.812765147089955 37
1775760677734 5.018530415594579 38
1775760679180 13.347324308231475 39
1775760680421 0.34108781397342725 40
1775760681533 5.014981212317945 41
1775760682922 13.367324289157988 42
1775760684146 0.3408425259590153 43
1775760685263 5.499358887076379 44
1775760686659 13.353459324911238 45
1775760687964 0.35197193503379864 46
1775760689082 5.00458807706833 47
1775760690495 13.376085024550559 48
1775760691732 0.33200878977775616 49
1775760692856 4.469869399666788 50
1775760694275 13.378095429614188 51
1775760695601 0.35277725338935895 52
1775760696705 5.006740020811559 53
1775760698065 13.369518187120558 54
1775760699289 0.3536087977886204 55
1775760700408 4.982503729164602 56
1775760701746 13.347857114151122 57
1775760703016 0.34249133944511456 58
1775760704304 5.007492715716364 59
1775760705682 13.357424061968924 60
1775760706980 0.35277725338935895 61
1775760708069 5.013492198884489 62
1775760709476 13.30960540123284 63
1775760710743 0.35277725338935895 64
1775760711833 5.092736700773241 65
1775760713245 13.363074612095954 66
1775760714445 0.3672201144695286 67
1775760715647 5.007492715716364 68
1775760717005 13.347143691256644 69
1775760718299 0.34772266030311627 70
1775760719425 5.022945912778379 71
1775760720836 13.373362373784186 72
1775760722083 0.35277725338935895 73
1775760723195 5.024560557901861 74
1775760724589 13.332707356885077 75
1775760725950 0.35277725338935895 76
1775760727065 5.000073412656786 77
1775760728576 13.368623342588545 78
1775760729815 0.35277725338935895 79
1775760730930 5.008057201504709 80
1775760732292 13.351452853754164 81
1775760733655 0.35780976295471234 82
1775760734762 4.987552823722364 83
1775760736157 13.341015551462771 84
1775760737384 0.3403835999965672 85
1775760738543 5.016261453032495 86
1775760740007 13.353026833608748 87
1775760741260 0.3542312490940098 88
1775760742356 5.035408692657949 89
1775760743664 13.367996242120864 90
1775760744884 0.35184157967567486 91
1775760745968 5.032166989743711 92
1775760747346 13.333531376197936 93
1775760748571 0.3583592283725743 94
1775760749657 5.010395789742471 95
1775760751023 13.363971408680083 96
1775760752298 0.35457726895809216 97
1775760753495 4.971910963058473 98
1775760754861 13.350726675465705 99
1775760756088 0.35285357713699383 100
