1777652222103 0.0 0
1777652238090 0.0 1
1777652253876 0.0 2
1777652270072 0.0 3
1777652286318 0.0 4
1777652302519 0.0 5
1777652318564 0.0 6
1777652334807 0.0 7
1777652350932 0.0 8
1777652367561 0.0 9
1777652383663 0.0 10
1777652400563 0.0 11
1777652416951 0.0 12
1777652432516 0.0 13
1777652447826 0.0 14
1777652463269 0.0 15
1777652478622 0.0 16
1777652494122 0.0 17
1777652509517 0.0 18
1777652525201 0.0 19
1777652540663 0.0 20
1777652556166 0.0 21
1777652572958 0.0 22
1777652589899 0.0 23
1777652606342 0.0 24
1777652622505 0.0 25
1777652639688 0.0 26
1777652656501 0.0 27
1777652673457 0.0 28
