1777662259601 0.0 0
1777662271791 0.0 1
1777662284608 0.0 2
1777662297713 0.0 3
1777662310634 0.0 4
1777662323314 0.0 5
1777662335905 0.0 6
1777662348529 0.0 7
1777662361328 0.0 8
1777662374195 0.0 9
1777662387078 0.0 10
1777662400741 0.0 11
1777662414464 0.0 12
1777662428380 0.0 13
1777662442303 0.0 14
1777662456064 0.0 15
1777662469819 0.0 16
1777662483192 0.0 17
1777662496082 0.0 18
1777662508982 0.0 19
1777662521861 0.0 20
1777662534720 0.0 21
1777662547849 0.0 22
1777662560802 0.0 23
1777662573631 0.0 24
1777662586561 0.0 25
1777662599398 0.0 26
1777662612437 0.0 27
1777662625580 0.0 28
1777662638511 1.0 29
1777662651827 1.0 30
1777662665229 1.0 31
1777662678755 1.0 32
1777662692379 1.0 33
1777662706064 2.0 34
1777662719807 2.0 35
1777662733701 2.0 36
1777662747564 2.0 37
1777662761365 2.0 38
1777662775370 2.0 39
1777662789276 2.0 40
1777662803235 2.0 41
1777662817330 3.0 42
1777662831331 3.0 43
1777662845072 3.0 44
1777662859053 3.0 45
1777662872996 3.0 46
1777662886727 3.0 47
1777662900644 3.0 48
1777662914680 3.0 49
1777662928587 4.0 50
1777662942865 4.0 51
1777662956707 4.0 52
1777662970895 4.0 53
1777662985104 4.0 54
1777662999308 4.0 55
1777663013583 4.0 56
1777663027712 4.0 57
1777663041689 4.0 58
1777663055631 4.0 59
1777663069334 5.0 60
1777663083763 5.0 61
1777663097811 5.0 62
1777663111801 5.0 63
1777663126195 5.0 64
1777663140190 5.0 65
1777663154417 5.0 66
1777663168553 5.0 67
1777663182850 5.0 68
1777663196916 5.0 69
1777663211252 6.0 70
1777663225455 6.0 71
1777663239564 6.0 72
1777663253808 6.0 73
1777663268074 6.0 74
1777663282129 6.0 75
1777663296448 6.0 76
1777663310600 6.0 77
1777663324850 6.0 78
1777663339435 6.0 79
1777663353489 7.0 80
1777663368031 7.0 81
1777663382181 7.0 82
1777663396746 7.0 83
1777663411114 7.0 84
1777663425544 7.0 85
1777663440002 7.0 86
1777663454220 7.0 87
1777663469050 7.0 88
1777663483581 7.0 89
1777663498155 8.0 90
1777663513012 8.0 91
1777663527948 8.0 92
1777663542853 8.0 93
1777663557833 8.0 94
1777663572544 8.0 95
1777663587707 8.0 96
1777663602553 8.0 97
1777663617504 8.0 98
1777663632227 8.0 99
1777663646921 8.0 100
1777663661475 8.0 101
1777663676423 8.0 102
1777663690990 8.0 103
1777663706018 8.0 104
1777663720706 8.0 105
1777663735862 8.0 106
1777663750782 8.0 107
1777663765789 8.0 108
1777663780722 8.0 109
1777663795480 8.0 110
1777663810613 8.0 111
1777663825360 8.0 112
1777663840424 8.0 113
1777663855351 8.0 114
1777663870288 8.0 115
1777663885066 8.0 116
1777663900055 8.0 117
1777663914908 8.0 118
1777663929810 8.0 119
1777663944675 8.0 120
1777663959504 8.0 121
1777663974924 8.0 122
1777663989773 8.0 123
1777664005052 8.0 124
1777664020161 8.0 125
1777664035239 8.0 126
1777664050460 8.0 127
1777664065544 8.0 128
1777664080723 8.0 129
1777664095771 8.0 130
1777664110769 8.0 131
1777664125812 8.0 132
1777664140695 8.0 133
1777664155487 8.0 134
1777664170283 8.0 135
1777664185373 8.0 136
1777664200228 8.0 137
1777664215366 8.0 138
1777664230327 8.0 139
1777664245095 8.0 140
1777664260329 8.0 141
1777664275527 8.0 142
1777664290506 8.0 143
1777664305394 8.0 144
1777664320542 8.0 145
1777664335213 8.0 146
1777664350348 8.0 147
1777664365359 8.0 148
1777664380248 8.0 149
1777664395208 8.0 150
1777664410346 8.0 151
1777664425227 8.0 152
1777664440326 8.0 153
1777664455560 8.0 154
1777664470371 8.0 155
1777664485527 8.0 156
1777664500637 8.0 157
1777664515750 8.0 158
1777664530997 8.0 159
1777664545816 8.0 160
1777664560877 8.0 161
1777664575699 8.0 162
1777664590565 8.0 163
1777664605418 8.0 164
1777664620647 8.0 165
1777664635657 8.0 166
1777664650486 8.0 167
1777664665404 8.0 168
1777664680196 8.0 169
1777664695339 8.0 170
1777664710312 8.0 171
1777664725474 8.0 172
1777664740378 8.0 173
1777664755377 8.0 174
1777664770659 8.0 175
1777664786118 8.0 176
1777664800940 8.0 177
1777664816146 8.0 178
1777664831133 8.0 179
1777664846341 8.0 180
1777664861516 8.0 181
1777664876692 8.0 182
1777664891677 8.0 183
1777664906652 8.0 184
1777664921735 8.0 185
1777664936958 8.0 186
1777664952229 8.0 187
1777664967509 8.0 188
1777664982775 8.0 189
1777664997796 8.0 190
1777665012844 8.0 191
1777665027891 8.0 192
1777665043090 8.0 193
1777665057996 8.0 194
1777665072883 8.0 195
1777665087732 8.0 196
1777665102338 8.0 197
1777665117298 8.0 198
1777665132129 8.0 199
1777665147400 8.0 200
1777665162150 8.0 201
1777665177305 8.0 202
1777665192628 8.0 203
1777665207553 8.0 204
1777665222600 8.0 205
1777665237858 8.0 206
1777665252868 8.0 207
1777665267972 8.0 208
1777665282850 8.0 209
1777665297912 8.0 210
1777665312596 8.0 211
1777665327872 8.0 212
1777665342859 8.0 213
1777665357878 8.0 214
1777665373043 8.0 215
1777665388128 8.0 216
1777665403002 8.0 217
1777665418391 8.0 218
1777665433381 8.0 219
1777665448558 8.0 220
1777665463852 8.0 221
1777665479123 8.0 222
1777665494349 8.0 223
1777665509183 8.0 224
1777665524347 8.0 225
1777665539613 8.0 226
1777665554426 8.0 227
1777665569657 8.0 228
1777665584823 8.0 229
1777665600151 8.0 230
1777665615433 8.0 231
1777665630691 8.0 232
1777665646028 8.0 233
1777665661087 8.0 234
1777665676421 8.0 235
1777665691509 8.0 236
1777665707003 8.0 237
1777665722073 8.0 238
1777665737461 8.0 239
1777665752449 8.0 240
1777665767451 8.0 241
1777665782694 8.0 242
1777665797437 8.0 243
1777665812850 8.0 244
1777665827875 8.0 245
1777665842909 8.0 246
1777665858048 8.0 247
1777665873291 8.0 248
1777665888396 8.0 249
1777665903803 8.0 250
1777665918890 8.0 251
1777665934306 8.0 252
1777665949048 8.0 253
1777665964371 8.0 254
1777665979115 8.0 255
1777665994188 8.0 256
1777666009315 8.0 257
1777666024398 8.0 258
1777666039185 8.0 259
1777666054366 8.0 260
1777666069311 8.0 261
1777666084186 8.0 262
1777666099240 8.0 263
1777666114425 8.0 264
1777666129457 8.0 265
1777666144801 8.0 266
1777666160029 8.0 267
1777666175056 8.0 268
1777666190009 8.0 269
1777666204602 8.0 270
1777666219513 8.0 271
1777666234741 8.0 272
1777666249699 8.0 273
1777666264978 8.0 274
1777666280062 8.0 275
1777666295304 8.0 276
1777666310043 8.0 277
1777666325136 8.0 278
1777666340153 8.0 279
1777666355220 8.0 280
1777666370425 8.0 281
1777666385752 8.0 282
1777666400623 8.0 283
1777666415836 8.0 284
1777666430723 8.0 285
1777666445854 8.0 286
1777666461130 8.0 287
1777666475983 8.0 288
1777666490846 8.0 289
1777666506312 8.0 290
1777666520971 8.0 291
1777666535901 8.0 292
1777666551079 8.0 293
1777666565945 8.0 294
1777666580777 8.0 295
1777666595869 8.0 296
1777666610861 8.0 297
1777666625922 8.0 298
1777666640895 8.0 299
1777666655707 8.0 300
1777666670590 8.0 301
1777666685768 8.0 302
1777666700621 8.0 303
1777666715463 8.0 304
1777666730339 8.0 305
1777666745155 8.0 306
1777666760089 8.0 307
1777666774946 8.0 308
1777666789794 8.0 309
1777666804697 8.0 310
1777666819430 8.0 311
1777666834226 8.0 312
1777666849227 8.0 313
1777666864193 8.0 314
1777666879070 8.0 315
1777666893923 8.0 316
1777666908956 8.0 317
1777666923836 8.0 318
1777666938858 8.0 319
1777666953789 8.0 320
1777666968545 8.0 321
1777666983671 8.0 322
1777666998682 8.0 323
1777667013702 8.0 324
1777667028965 8.0 325
1777667043831 8.0 326
1777667059048 8.0 327
1777667073816 8.0 328
1777667088792 8.0 329
1777667103890 8.0 330
1777667118670 8.0 331
1777667133515 8.0 332
1777667148546 8.0 333
1777667163761 8.0 334
1777667178789 8.0 335
1777667193674 8.0 336
1777667208751 8.0 337
1777667223397 8.0 338
1777667238768 8.0 339
1777667253600 8.0 340
1777667268550 8.0 341
1777667283722 8.0 342
1777667298636 8.0 343
1777667313789 8.0 344
1777667328698 8.0 345
1777667343975 8.0 346
1777667359341 8.0 347
1777667374018 8.0 348
1777667389157 8.0 349
1777667404399 8.0 350
1777667419420 8.0 351
1777667434504 8.0 352
1777667449598 8.0 353
1777667464595 8.0 354
1777667479723 8.0 355
1777667494718 8.0 356
1777667509502 8.0 357
1777667524557 8.0 358
1777667539713 8.0 359
1777667554698 8.0 360
1777667569673 8.0 361
1777667584524 8.0 362
1777667599469 8.0 363
1777667614173 8.0 364
1777667629265 8.0 365
1777667644080 8.0 366
1777667658961 8.0 367
1777667673801 8.0 368
1777667688665 8.0 369
1777667703970 8.0 370
1777667718745 8.0 371
1777667733866 8.0 372
1777667748632 8.0 373
1777667763544 8.0 374
1777667778322 8.0 375
1777667792918 8.0 376
1777667808148 8.0 377
1777667823123 8.0 378
1777667838330 8.0 379
1777667853379 8.0 380
1777667868412 8.0 381
1777667883813 8.0 382
1777667898489 8.0 383
1777667913442 8.0 384
1777667928387 8.0 385
1777667943266 8.0 386
1777667958579 8.0 387
1777667973828 8.0 388
1777667988678 8.0 389
1777668003693 8.0 390
1777668018605 8.0 391
1777668033713 8.0 392
1777668048937 8.0 393
1777668064104 8.0 394
1777668078977 8.0 395
1777668093933 8.0 396
1777668108951 8.0 397
1777668124132 8.0 398
1777668139123 8.0 399
1777668154059 8.0 400
1777668169151 8.0 401
1777668183892 8.0 402
1777668198644 8.0 403
1777668213797 8.0 404
1777668228737 8.0 405
1777668243623 8.0 406
1777668258761 8.0 407
1777668273284 8.0 408
1777668288492 8.0 409
1777668303340 8.0 410
1777668318651 8.0 411
1777668333562 8.0 412
1777668348602 8.0 413
1777668363361 8.0 414
1777668378389 8.0 415
1777668393246 8.0 416
1777668408294 8.0 417
1777668423404 8.0 418
1777668438275 8.0 419
1777668453411 8.0 420
1777668468490 8.0 421
1777668483651 8.0 422
1777668498864 8.0 423
1777668513956 8.0 424
1777668528760 8.0 425
1777668543703 8.0 426
1777668558906 8.0 427
1777668573422 8.0 428
1777668588546 8.0 429
1777668603810 8.0 430
1777668619038 8.0 431
1777668633841 8.0 432
1777668648800 8.0 433
1777668663574 8.0 434
1777668678290 8.0 435
1777668692999 8.0 436
1777668708038 8.0 437
1777668722805 8.0 438
1777668737893 8.0 439
1777668752946 8.0 440
1777668767969 8.0 441
1777668782830 8.0 442
1777668797928 8.0 443
1777668812930 8.0 444
1777668827880 8.0 445
1777668842774 8.0 446
1777668857974 8.0 447
1777668873209 8.0 448
1777668888305 8.0 449
1777668903138 8.0 450
1777668918283 8.0 451
1777668933507 8.0 452
1777668948330 8.0 453
1777668963087 8.0 454
1777668978090 8.0 455
1777668993043 8.0 456
1777669007946 8.0 457
1777669022623 8.0 458
1777669037478 8.0 459
1777669052562 8.0 460
1777669067609 8.0 461
1777669082267 8.0 462
1777669097068 8.0 463
1777669112086 8.0 464
1777669126974 8.0 465
1777669141909 8.0 466
1777669157101 8.0 467
1777669171730 8.0 468
1777669186668 8.0 469
1777669201615 8.0 470
1777669216411 8.0 471
1777669231950 8.0 472
1777669246711 8.0 473
1777669261750 8.0 474
1777669277085 8.0 475
1777669292056 8.0 476
1777669306928 8.0 477
1777669322116 8.0 478
1777669337185 8.0 479
1777669352177 8.0 480
1777669367281 8.0 481
1777669382165 8.0 482
1777669397315 8.0 483
1777669412237 8.0 484
1777669427196 8.0 485
1777669442109 8.0 486
1777669456854 8.0 487
1777669471976 8.0 488
1777669486782 8.0 489
1777669501893 8.0 490
1777669516898 8.0 491
1777669531824 8.0 492
1777669546831 8.0 493
1777669561789 8.0 494
1777669576701 8.0 495
1777669591701 8.0 496
1777669606428 8.0 497
1777669621834 8.0 498
1777669636648 8.0 499
1777669651747 8.0 500
1777669666568 8.0 501
1777669681503 8.0 502
1777669696381 8.0 503
1777669711377 8.0 504
1777669726269 8.0 505
1777669741399 8.0 506
1777669756376 8.0 507
1777669771325 8.0 508
1777669786001 8.0 509
1777669801018 8.0 510
1777669815659 8.0 511
1777669830442 8.0 512
1777669845026 8.0 513
1777669860252 8.0 514
1777669875046 8.0 515
1777669889707 8.0 516
1777669904562 8.0 517
1777669919510 8.0 518
1777669934413 8.0 519
1777669949166 8.0 520
1777669963903 8.0 521
1777669978786 8.0 522
1777669993711 8.0 523
1777670008733 8.0 524
1777670023344 8.0 525
1777670038260 8.0 526
1777670052988 8.0 527
1777670067978 8.0 528
1777670083025 8.0 529
1777670097984 8.0 530
1777670112908 8.0 531
1777670127641 8.0 532
1777670142453 8.0 533
1777670157063 8.0 534
1777670171845 8.0 535
1777670186917 8.0 536
1777670201546 8.0 537
1777670216013 8.0 538
1777670230647 8.0 539
1777670245499 8.0 540
1777670260390 8.0 541
1777670275175 8.0 542
1777670289871 8.0 543
1777670304525 8.0 544
1777670319221 8.0 545
1777670334286 8.0 546
1777670349199 8.0 547
1777670363846 8.0 548
1777670378471 8.0 549
1777670393715 8.0 550
1777670408585 8.0 551
1777670423392 8.0 552
1777670438178 8.0 553
1777670452773 8.0 554
1777670467330 8.0 555
1777670481903 8.0 556
1777670496907 8.0 557
1777670511693 8.0 558
1777670526877 8.0 559
1777670541858 8.0 560
1777670556643 8.0 561
1777670571337 8.0 562
1777670586104 8.0 563
1777670600935 8.0 564
1777670615575 8.0 565
1777670630236 8.0 566
1777670644992 8.0 567
1777670659829 8.0 568
1777670674765 8.0 569
1777670689449 8.0 570
1777670704500 8.0 571
1777670719382 8.0 572
1777670734424 8.0 573
1777670749278 8.0 574
1777670764327 8.0 575
1777670779163 8.0 576
1777670794029 8.0 577
1777670808943 8.0 578
1777670823810 8.0 579
1777670838915 8.0 580
1777670853802 8.0 581
1777670868610 8.0 582
1777670883438 8.0 583
1777670898563 8.0 584
1777670913366 8.0 585
1777670928372 8.0 586
1777670943316 8.0 587
1777670958060 8.0 588
1777670973205 8.0 589
1777670987876 8.0 590
1777671002614 8.0 591
1777671017401 8.0 592
1777671032164 8.0 593
1777671047098 8.0 594
1777671062056 8.0 595
1777671076896 8.0 596
1777671092118 8.0 597
1777671107019 8.0 598
1777671122045 8.0 599
1777671137188 8.0 600
1777671151862 8.0 601
1777671167002 8.0 602
1777671181910 8.0 603
1777671196802 8.0 604
1777671211698 8.0 605
1777671226231 8.0 606
1777671240905 8.0 607
1777671256125 8.0 608
1777671270956 8.0 609
1777671285898 8.0 610
1777671300830 8.0 611
1777671315821 8.0 612
1777671330653 8.0 613
1777671345752 8.0 614
1777671360735 8.0 615
1777671375564 8.0 616
1777671390544 8.0 617
1777671405383 8.0 618
1777671420472 8.0 619
1777671435783 8.0 620
1777671450551 8.0 621
1777671465302 8.0 622
1777671480030 8.0 623
1777671494699 8.0 624
1777671509872 8.0 625
1777671524448 8.0 626
1777671539523 8.0 627
1777671554676 8.0 628
1777671569587 8.0 629
1777671584414 8.0 630
1777671599388 8.0 631
1777671614099 8.0 632
1777671628636 8.0 633
1777671643099 8.0 634
1777671657650 8.0 635
1777671672450 8.0 636
1777671687556 8.0 637
1777671702576 8.0 638
1777671717323 8.0 639
1777671732265 8.0 640
1777671747228 8.0 641
1777671762329 8.0 642
1777671777031 8.0 643
1777671792116 8.0 644
1777671807029 8.0 645
1777671822035 8.0 646
1777671836946 8.0 647
1777671851865 8.0 648
1777671866990 8.0 649
1777671882099 8.0 650
1777671896858 8.0 651
1777671911927 8.0 652
1777671926651 8.0 653
1777671941785 8.0 654
1777671956534 8.0 655
1777671971243 8.0 656
1777671985864 8.0 657
1777672000694 8.0 658
1777672015419 8.0 659
1777672030619 8.0 660
1777672045560 8.0 661
1777672060493 8.0 662
1777672075182 8.0 663
1777672089829 8.0 664
1777672104563 8.0 665
1777672119118 8.0 666
1777672134145 8.0 667
1777672149250 8.0 668
1777672164134 8.0 669
1777672178954 8.0 670
1777672193689 8.0 671
1777672209157 8.0 672
1777672223734 8.0 673
1777672238771 8.0 674
1777672253552 8.0 675
1777672268594 8.0 676
1777672283222 8.0 677
1777672298388 8.0 678
1777672313177 8.0 679
1777672328041 8.0 680
1777672342834 8.0 681
1777672357791 8.0 682
1777672372513 8.0 683
1777672387525 8.0 684
1777672402450 8.0 685
1777672416954 8.0 686
1777672431607 8.0 687
1777672446495 8.0 688
1777672461424 8.0 689
1777672476325 8.0 690
1777672491352 8.0 691
1777672506167 8.0 692
1777672520835 8.0 693
1777672535515 8.0 694
1777672550019 8.0 695
1777672564949 8.0 696
1777672579315 8.0 697
1777672594216 8.0 698
1777672609126 8.0 699
1777672624112 8.0 700
1777672639296 8.0 701
1777672654188 8.0 702
1777672669348 8.0 703
1777672684298 8.0 704
1777672699517 8.0 705
1777672714362 8.0 706
1777672729264 8.0 707
1777672744226 8.0 708
1777672759239 8.0 709
1777672774265 8.0 710
1777672788895 8.0 711
1777672804074 8.0 712
1777672819014 8.0 713
1777672833997 8.0 714
1777672849076 8.0 715
1777672863943 8.0 716
1777672879021 8.0 717
1777672893870 8.0 718
1777672908785 8.0 719
1777672923709 8.0 720
1777672938761 8.0 721
1777672953551 8.0 722
1777672968456 8.0 723
1777672983250 8.0 724
1777672998714 8.0 725
1777673013730 8.0 726
1777673028869 8.0 727
1777673043504 8.0 728
1777673058613 8.0 729
1777673073503 8.0 730
1777673088471 8.0 731
1777673103463 8.0 732
1777673118299 8.0 733
1777673133149 8.0 734
1777673147857 8.0 735
1777673162645 8.0 736
1777673177609 8.0 737
1777673192268 8.0 738
1777673206796 8.0 739
1777673221717 8.0 740
1777673236673 8.0 741
1777673251264 8.0 742
1777673266191 8.0 743
1777673281133 8.0 744
1777673295918 8.0 745
1777673310870 8.0 746
1777673325641 8.0 747
1777673340197 8.0 748
1777673354902 8.0 749
1777673370216 8.0 750
1777673384859 8.0 751
1777673399685 8.0 752
1777673414543 8.0 753
1777673429191 8.0 754
1777673444062 8.0 755
1777673458679 8.0 756
1777673473629 8.0 757
1777673488126 8.0 758
1777673503169 8.0 759
1777673517767 8.0 760
1777673532700 8.0 761
1777673547453 8.0 762
1777673562179 8.0 763
1777673577117 8.0 764
1777673592053 8.0 765
1777673606882 8.0 766
1777673621574 8.0 767
1777673636355 8.0 768
1777673651025 8.0 769
1777673665864 8.0 770
1777673680757 8.0 771
1777673695684 8.0 772
1777673710581 8.0 773
1777673725155 8.0 774
1777673739892 8.0 775
1777673754786 8.0 776
1777673769582 8.0 777
1777673784678 8.0 778
1777673799552 8.0 779
1777673814185 8.0 780
1777673828971 8.0 781
1777673843873 8.0 782
1777673858825 8.0 783
1777673873703 8.0 784
1777673888507 8.0 785
1777673903142 8.0 786
1777673917865 8.0 787
1777673932622 8.0 788
1777673947679 8.0 789
1777673962479 8.0 790
1777673977107 8.0 791
1777673991756 8.0 792
1777674006216 8.0 793
1777674020607 8.0 794
1777674035230 8.0 795
1777674049858 8.0 796
1777674064634 8.0 797
1777674079594 8.0 798
1777674094242 8.0 799
1777674108902 8.0 800
1777674123600 8.0 801
1777674138353 8.0 802
1777674153253 8.0 803
1777674168295 8.0 804
1777674183226 8.0 805
1777674198022 8.0 806
1777674213131 8.0 807
1777674228115 8.0 808
1777674242629 8.0 809
1777674257552 8.0 810
1777674272253 8.0 811
1777674286906 8.0 812
1777674301619 8.0 813
1777674316642 8.0 814
1777674331453 8.0 815
1777674346403 8.0 816
1777674361389 8.0 817
1777674376494 8.0 818
1777674391054 8.0 819
1777674406044 8.0 820
1777674420891 8.0 821
1777674435768 8.0 822
1777674450643 8.0 823
1777674465510 8.0 824
1777674480333 8.0 825
1777674495127 8.0 826
1777674509645 8.0 827
1777674524155 8.0 828
1777674539385 8.0 829
1777674553958 8.0 830
1777674568555 8.0 831
1777674583412 8.0 832
1777674598231 8.0 833
1777674613006 8.0 834
1777674627837 8.0 835
1777674642651 8.0 836
1777674657605 8.0 837
1777674672550 8.0 838
1777674687357 8.0 839
1777674702262 8.0 840
1777674717062 8.0 841
1777674731968 8.0 842
1777674746953 8.0 843
1777674761530 8.0 844
1777674776451 8.0 845
1777674791494 8.0 846
1777674806254 8.0 847
1777674820798 8.0 848
1777674835620 8.0 849
1777674850397 8.0 850
1777674865080 8.0 851
1777674880121 8.0 852
1777674894486 8.0 853
1777674909157 8.0 854
1777674923762 8.0 855
1777674938510 8.0 856
1777674953609 8.0 857
1777674968547 8.0 858
1777674983310 8.0 859
1777674998043 8.0 860
1777675013322 8.0 861
1777675028100 8.0 862
1777675043047 8.0 863
1777675057631 8.0 864
1777675072419 8.0 865
1777675087298 8.0 866
1777675102126 8.0 867
1777675116824 8.0 868
1777675131683 8.0 869
1777675146614 8.0 870
1777675161493 8.0 871
1777675176404 8.0 872
1777675191300 8.0 873
1777675206369 8.0 874
1777675221337 8.0 875
1777675236026 8.0 876
1777675250955 8.0 877
1777675265975 8.0 878
1777675281018 8.0 879
1777675295745 8.0 880
1777675310973 8.0 881
1777675326037 8.0 882
1777675340834 8.0 883
1777675355658 8.0 884
1777675370796 8.0 885
1777675385627 8.0 886
1777675400741 8.0 887
1777675415459 8.0 888
1777675430294 8.0 889
1777675445153 8.0 890
1777675460251 8.0 891
1777675474933 8.0 892
1777675489621 8.0 893
1777675504559 8.0 894
1777675519459 8.0 895
1777675534215 8.0 896
1777675548872 8.0 897
1777675563893 8.0 898
1777675578517 8.0 899
1777675593257 8.0 900
1777675608090 8.0 901
1777675623134 8.0 902
1777675638016 8.0 903
1777675653110 8.0 904
1777675667659 8.0 905
1777675682430 8.0 906
1777675697260 8.0 907
1777675712271 8.0 908
1777675726834 8.0 909
1777675741596 8.0 910
1777675756544 8.0 911
1777675771126 8.0 912
1777675785668 8.0 913
1777675800986 8.0 914
1777675815565 8.0 915
1777675830505 8.0 916
1777675845086 8.0 917
1777675859864 8.0 918
1777675874698 8.0 919
1777675889617 8.0 920
1777675904414 8.0 921
1777675919131 8.0 922
1777675934012 8.0 923
1777675948940 8.0 924
1777675963907 8.0 925
1777675978830 8.0 926
1777675993739 8.0 927
1777676008643 8.0 928
1777676023462 8.0 929
1777676038423 8.0 930
1777676053325 8.0 931
1777676068084 8.0 932
1777676082744 8.0 933
1777676097937 8.0 934
1777676112566 8.0 935
1777676127484 8.0 936
1777676142222 8.0 937
1777676156987 8.0 938
1777676172155 8.0 939
1777676187013 8.0 940
1777676201996 8.0 941
1777676216928 8.0 942
1777676231607 8.0 943
1777676246389 8.0 944
1777676261415 8.0 945
1777676276208 8.0 946
1777676290857 8.0 947
1777676305825 8.0 948
1777676320714 8.0 949
1777676335702 8.0 950
1777676350324 8.0 951
1777676365266 8.0 952
1777676380192 8.0 953
1777676395074 8.0 954
1777676410095 8.0 955
1777676424866 8.0 956
1777676439602 8.0 957
1777676454311 8.0 958
1777676469731 8.0 959
1777676484466 8.0 960
1777676499352 8.0 961
1777676513939 8.0 962
1777676529055 8.0 963
1777676543618 8.0 964
1777676558378 8.0 965
1777676572982 8.0 966
1777676588150 8.0 967
1777676603050 8.0 968
1777676617777 8.0 969
1777676632640 8.0 970
1777676648004 8.0 971
1777676662680 8.0 972
1777676677516 8.0 973
1777676692392 8.0 974
1777676707190 8.0 975
1777676721984 8.0 976
1777676736683 8.0 977
1777676751224 8.0 978
1777676766334 8.0 979
1777676781137 8.0 980
1777676796096 8.0 981
1777676810788 8.0 982
1777676825473 8.0 983
1777676839974 8.0 984
1777676854884 8.0 985
1777676869466 8.0 986
1777676884298 8.0 987
1777676899116 8.0 988
1777676913596 8.0 989
1777676928211 8.0 990
1777676943327 8.0 991
1777676958206 8.0 992
1777676972941 8.0 993
1777676987795 8.0 994
1777677002390 8.0 995
1777677017058 8.0 996
1777677032007 8.0 997
1777677046620 8.0 998
1777677061205 8.0 999
