1775762646190 0.0 0
1775762730860 0.0 1
1775762817018 0.0 2
1775762903733 0.0 3
1775762988214 0.0 4
1775763074601 0.0 5
1775763158863 0.0 6
1775763243529 0.0 7
1775763328392 0.0 8
1775763414762 0.0 9
1775763500555 0.0 10
1775763587158 0.0 11
1775763674333 0.0 12
1775763757508 0.0 13
1775763841007 0.0 14
1775763924641 0.0 15
1775764009145 0.0 16
1775764094103 0.0 17
1775764178993 0.0 18
1775764263497 0.0 19
1775764348191 0.0 20
1775764434474 0.0 21
1775764520232 0.0 22
1775764606281 0.0 23
1775764690352 0.0 24
1775764773842 0.0 25
1775764857701 0.0 26
1775764941516 0.0 27
1775765025145 0.0 28
1775765109125 0.0 29
1775765194128 0.0 30
1775765278990 0.0 31
1775765364064 0.0 32
1775765449490 0.0 33
1775765534512 0.0 34
1775765619440 0.0 35
1775765704708 0.0 36
1775765789470 0.0 37
1775765874597 0.0 38
1775765959882 0.0 39
1775766046165 0.0 40
1775766132557 0.0 41
1775766219061 0.0 42
1775766305211 0.0 43
1775766391645 0.0 44
1775766478264 0.0 45
1775766564343 0.0 46
1775766648545 0.0 47
1775766732767 0.0 48
1775766816189 0.0 49
1775766900174 0.0 50
1775766984305 0.0 51
1775767068011 0.0 52
1775767152140 0.0 53
1775767236344 0.0 54
1775767320241 0.0 55
1775767404280 0.0 56
1775767488478 0.0 57
1775767572293 0.0 58
1775767657422 0.0 59
1775767742762 0.0 60
1775767827723 0.0 61
1775767912810 0.0 62
1775767998039 0.0 63
1775768083274 0.0 64
1775768168656 0.0 65
1775768254157 0.0 66
1775768339350 0.0 67
1775768424738 0.0 68
1775768510084 0.0 69
1775768594853 0.0 70
1775768680243 0.0 71
1775768765541 0.0 72
1775768850305 0.0 73
1775768935549 0.0 74
1775769021024 0.0 75
1775769105753 0.0 76
1775769191124 0.0 77
1775769277859 0.0 78
1775769364331 0.0 79
1775769450734 0.0 80
1775769537558 0.0 81
1775769624014 0.0 82
1775769710569 0.0 83
1775769797398 0.0 84
1775769883541 0.0 85
1775769970248 0.0 86
1775770057158 0.0 87
1775770143828 0.0 88
1775770230832 0.0 89
1775770317738 0.0 90
1775770404367 0.0 91
1775770489520 0.0 92
1775770575179 0.0 93
1775770660300 0.0 94
1775770745724 0.0 95
1775770831402 0.0 96
1775770917865 0.0 97
1775771004910 0.0 98
1775771091848 0.0 99
