1775762646190 703.2445704644447 0
1775762730860 600.8945841886441 1
1775762817018 577.7471893465856 2
1775762903733 703.2407498081766 3
1775762988214 601.0442409254629 4
1775763074601 579.1906546687522 5
1775763158863 703.3516111477805 6
1775763243529 600.7809131013216 7
1775763328392 582.2954232995608 8
1775763414762 703.9029631852843 9
1775763500555 598.2763007637911 10
1775763587158 576.6801190509719 11
1775763674333 704.2910059248152 12
1775763757508 601.2758442077974 13
1775763841007 576.0000224826871 14
1775763924641 703.0951268585623 15
1775764009145 600.5152374472294 16
1775764094103 580.7869507668869 17
1775764178993 703.4288066988732 18
1775764263497 600.2992324917244 19
1775764348191 581.372480414398 20
1775764434474 703.8812021973237 21
1775764520232 598.6032058677754 22
1775764606281 579.8119947143755 23
1775764690352 704.4257999128569 24
1775764773842 600.281681248137 25
1775764857701 579.3160172210568 26
1775764941516 703.9884447399957 27
1775765025145 600.1504755366632 28
1775765109125 581.9024446475585 29
1775765194128 704.0330251315737 30
1775765278990 600.9028327021825 31
1775765364064 580.8988246302524 32
1775765449490 702.7803738767906 33
1775765534512 601.0648584499719 34
1775765619440 576.0133067805002 35
1775765704708 703.2339742659514 36
1775765789470 599.0273569859473 37
1775765874597 581.3420005472461 38
1775765959882 703.6850041491717 39
1775766046165 599.1772669791536 40
1775766132557 581.3032559898212 41
1775766219061 702.9879455732852 42
1775766305211 601.2733914288056 43
1775766391645 578.8889748392562 44
1775766478264 700.9200202545765 45
1775766564343 599.7327232381459 46
1775766648545 579.1854309010196 47
1775766732767 703.5256221150325 48
1775766816189 601.0971586888163 49
1775766900174 576.6612136404373 50
1775766984305 703.7988246595404 51
1775767068011 601.1204814320675 52
1775767152140 579.4566663053483 53
1775767236344 703.7621122742281 54
1775767320241 599.8562648737425 55
1775767404280 579.7662320522338 56
1775767488478 703.0028945689669 57
1775767572293 600.8436027293228 58
1775767657422 579.2570523967305 59
1775767742762 703.9410615236583 60
1775767827723 600.7519384527745 61
1775767912810 581.9911848502499 62
1775767998039 703.9007180971142 63
1775768083274 601.0217812725103 64
1775768168656 578.0936611808853 65
1775768254157 703.0739785445548 66
1775768339350 600.4304867594644 67
1775768424738 578.6603153119083 68
1775768510084 704.4453157601887 69
1775768594853 600.2995092157515 70
1775768680243 576.9419534809115 71
1775768765541 703.7322743577171 72
1775768850305 600.6368940325187 73
1775768935549 577.4441870222753 74
1775769021024 704.3700404587322 75
1775769105753 601.0050192085118 76
1775769191124 582.0452079041069 77
1775769277859 702.7965974857389 78
1775769364331 600.593243419346 79
1775769450734 579.5228811414005 80
1775769537558 703.1562272356848 81
1775769624014 600.7471414647304 82
1775769710569 578.8975108245762 83
1775769797398 704.0018307981417 84
1775769883541 601.4486776634055 85
1775769970248 579.6308358572159 86
1775770057158 703.8590490484312 87
1775770143828 600.6485850611406 88
1775770230832 575.0647048248253 89
1775770317738 703.9371084016817 90
1775770404367 600.4635783375386 91
1775770489520 583.3194764653532 92
1775770575179 703.5820893132995 93
1775770660300 600.3200986647852 94
1775770745724 578.9126053917015 95
1775770831402 703.6259857973804 96
1775770917865 600.8424508951391 97
1775771004910 580.5833265860543 98
1775771091848 703.2227323037473 99
