1775762646190 1000.0 0
1775762730860 1000.0 1
1775762817018 1000.0 2
1775762903733 1000.0 3
1775762988214 1000.0 4
1775763074601 1000.0 5
1775763158863 1000.0 6
1775763243529 1000.0 7
1775763328392 1000.0 8
1775763414762 1000.0 9
1775763500555 1000.0 10
1775763587158 1000.0 11
1775763674333 1000.0 12
1775763757508 1000.0 13
1775763841007 1000.0 14
1775763924641 1000.0 15
1775764009145 1000.0 16
1775764094103 1000.0 17
1775764178993 1000.0 18
1775764263497 1000.0 19
1775764348191 1000.0 20
1775764434474 1000.0 21
1775764520232 1000.0 22
1775764606281 1000.0 23
1775764690352 1000.0 24
1775764773842 1000.0 25
1775764857701 1000.0 26
1775764941516 1000.0 27
1775765025145 1000.0 28
1775765109125 1000.0 29
1775765194128 1000.0 30
1775765278990 1000.0 31
1775765364064 1000.0 32
1775765449490 1000.0 33
1775765534512 1000.0 34
1775765619440 1000.0 35
1775765704708 1000.0 36
1775765789470 1000.0 37
1775765874597 1000.0 38
1775765959882 1000.0 39
1775766046165 1000.0 40
1775766132557 1000.0 41
1775766219061 1000.0 42
1775766305211 1000.0 43
1775766391645 1000.0 44
1775766478264 1000.0 45
1775766564343 1000.0 46
1775766648545 1000.0 47
1775766732767 1000.0 48
1775766816189 1000.0 49
1775766900174 1000.0 50
1775766984305 1000.0 51
1775767068011 1000.0 52
1775767152140 1000.0 53
1775767236344 1000.0 54
1775767320241 1000.0 55
1775767404280 1000.0 56
1775767488478 1000.0 57
1775767572293 1000.0 58
1775767657422 1000.0 59
1775767742762 1000.0 60
1775767827723 1000.0 61
1775767912810 1000.0 62
1775767998039 1000.0 63
1775768083274 1000.0 64
1775768168656 1000.0 65
1775768254157 1000.0 66
1775768339350 1000.0 67
1775768424738 1000.0 68
1775768510084 1000.0 69
1775768594853 1000.0 70
1775768680243 1000.0 71
1775768765541 1000.0 72
1775768850305 1000.0 73
1775768935549 1000.0 74
1775769021024 1000.0 75
1775769105753 1000.0 76
1775769191124 1000.0 77
1775769277859 1000.0 78
1775769364331 1000.0 79
1775769450734 1000.0 80
1775769537558 1000.0 81
1775769624014 1000.0 82
1775769710569 1000.0 83
1775769797398 1000.0 84
1775769883541 1000.0 85
1775769970248 1000.0 86
1775770057158 1000.0 87
1775770143828 1000.0 88
1775770230832 1000.0 89
1775770317738 1000.0 90
1775770404367 1000.0 91
1775770489520 1000.0 92
1775770575179 1000.0 93
1775770660300 1000.0 94
1775770745724 1000.0 95
1775770831402 1000.0 96
1775770917865 1000.0 97
1775771004910 1000.0 98
1775771091848 1000.0 99
