1775762646190 1.0 0
1775762730860 1.0 1
1775762817018 1.0 2
1775762903733 1.0 3
1775762988214 1.0 4
1775763074601 1.0 5
1775763158863 1.0 6
1775763243529 1.0 7
1775763328392 1.0 8
1775763414762 1.0 9
1775763500555 1.0 10
1775763587158 1.0 11
1775763674333 1.0 12
1775763757508 1.0 13
1775763841007 1.0 14
1775763924641 1.0 15
1775764009145 1.0 16
1775764094103 1.0 17
1775764178993 1.0 18
1775764263497 1.0 19
1775764348191 1.0 20
1775764434474 1.0 21
1775764520232 1.0 22
1775764606281 1.0 23
1775764690352 1.0 24
1775764773842 1.0 25
1775764857701 1.0 26
1775764941516 1.0 27
1775765025145 1.0 28
1775765109125 1.0 29
1775765194128 1.0 30
1775765278990 1.0 31
1775765364064 1.0 32
1775765449490 1.0 33
1775765534512 1.0 34
1775765619440 1.0 35
1775765704708 1.0 36
1775765789470 1.0 37
1775765874597 1.0 38
1775765959882 1.0 39
1775766046165 1.0 40
1775766132557 1.0 41
1775766219061 1.0 42
1775766305211 1.0 43
1775766391645 1.0 44
1775766478264 1.0 45
1775766564343 1.0 46
1775766648545 1.0 47
1775766732767 1.0 48
1775766816189 1.0 49
1775766900174 1.0 50
1775766984305 1.0 51
1775767068011 1.0 52
1775767152140 1.0 53
1775767236344 1.0 54
1775767320241 1.0 55
1775767404280 1.0 56
1775767488478 1.0 57
1775767572293 1.0 58
1775767657422 1.0 59
1775767742762 1.0 60
1775767827723 1.0 61
1775767912810 1.0 62
1775767998039 1.0 63
1775768083274 1.0 64
1775768168656 1.0 65
1775768254157 1.0 66
1775768339350 1.0 67
1775768424738 1.0 68
1775768510084 1.0 69
1775768594853 1.0 70
1775768680243 1.0 71
1775768765541 1.0 72
1775768850305 1.0 73
1775768935549 1.0 74
1775769021024 1.0 75
1775769105753 1.0 76
1775769191124 1.0 77
1775769277859 1.0 78
1775769364331 1.0 79
1775769450734 1.0 80
1775769537558 1.0 81
1775769624014 1.0 82
1775769710569 1.0 83
1775769797398 1.0 84
1775769883541 1.0 85
1775769970248 1.0 86
1775770057158 1.0 87
1775770143828 1.0 88
1775770230832 1.0 89
1775770317738 1.0 90
1775770404367 1.0 91
1775770489520 1.0 92
1775770575179 1.0 93
1775770660300 1.0 94
1775770745724 1.0 95
1775770831402 1.0 96
1775770917865 1.0 97
1775771004910 1.0 98
1775771091848 1.0 99
