1777011240344 nan 0
1777011242419 nan 1
1777011244437 nan 2
1777011246427 nan 3
1777011248425 nan 4
1777011250400 nan 5
1777011252408 nan 6
1777011254409 nan 7
1777011256430 nan 8
1777011258538 1000.0 9
1777011260588 1000.0 10
1777011262614 1000.0 11
1777011264618 1000.0 12
1777011266615 1000.0 13
1777011268664 1000.0 14
1777011282068 1000.0 15
1777011295231 1000.0 16
1777011308404 1000.0 17
1777011321658 1000.0 18
1777011334903 1000.0 19
1777011348504 1000.0 20
1777011361817 1000.0 21
1777011375175 1000.0 22
1777011388618 1000.0 23
1777011402319 1000.0 24
1777011416162 1000.0 25
1777011430267 1000.0 26
1777011444898 1000.0 27
1777011459294 1000.0 28
