1777011240344 nan 0
1777011242419 nan 1
1777011244437 nan 2
1777011246427 nan 3
1777011248425 nan 4
1777011250400 nan 5
1777011252408 nan 6
1777011254409 nan 7
1777011256430 nan 8
1777011258538 -1779.2629661667406 9
1777011260588 -1779.2629661667406 10
1777011262614 -1779.2629661667406 11
1777011264618 -1779.2629661667406 12
1777011266615 -1779.2629661667406 13
1777011268664 -1779.2629661667406 14
1777011282068 -1779.2629661667406 15
1777011295231 -1779.2629661667406 16
1777011308404 -1779.2629661667406 17
1777011321658 -1779.2629661667406 18
1777011334903 -1755.0612196552972 19
1777011348504 -1755.0612196552972 20
1777011361817 -1755.0612196552972 21
1777011375175 -1755.0612196552972 22
1777011388618 -1755.0612196552972 23
1777011402319 -1755.0612196552972 24
1777011416162 -1755.0612196552972 25
1777011430267 -1755.0612196552972 26
1777011444898 -1755.0612196552972 27
1777011459294 -1755.0612196552972 28
