1777011240344 0.0 0
1777011242419 0.0 1
1777011244437 0.0 2
1777011246427 0.0 3
1777011248425 0.0 4
1777011250400 0.0 5
1777011252408 0.0 6
1777011254409 0.0 7
1777011256430 0.0 8
1777011258538 1.0 9
1777011260588 0.0 10
1777011262614 0.0 11
1777011264618 0.0 12
1777011266615 0.0 13
1777011268664 0.0 14
1777011282068 0.0 15
1777011295231 0.0 16
1777011308404 0.0 17
1777011321658 0.0 18
1777011334903 1.0 19
1777011348504 0.0 20
1777011361817 0.0 21
1777011375175 0.0 22
1777011388618 0.0 23
1777011402319 0.0 24
1777011416162 0.0 25
1777011430267 0.0 26
1777011444898 0.0 27
1777011459294 0.0 28
