1777011240344 100.0 0
1777011242419 200.0 1
1777011244437 300.0 2
1777011246427 400.0 3
1777011248425 500.0 4
1777011250400 600.0 5
1777011252408 700.0 6
1777011254409 800.0 7
1777011256430 900.0 8
1777011258538 1000.0 9
1777011260588 1100.0 10
1777011262614 1200.0 11
1777011264618 1300.0 12
1777011266615 1400.0 13
1777011268664 1500.0 14
1777011282068 1600.0 15
1777011295231 1700.0 16
1777011308404 1800.0 17
1777011321658 1900.0 18
1777011334903 2000.0 19
1777011348504 2100.0 20
1777011361817 2200.0 21
1777011375175 2300.0 22
1777011388618 2400.0 23
1777011402319 2500.0 24
1777011416162 2600.0 25
1777011430267 2700.0 26
1777011444898 2800.0 27
1777011459294 2900.0 28
