1777014691114 0.0 0
1777014693718 0.0 1
1777014696652 0.0 2
1777014699542 0.0 3
1777014702325 0.0 4
1777014705053 0.0 5
1777014707898 0.0 6
1777014710704 0.0 7
1777014713432 0.0 8
1777014716401 0.0 9
1777014718740 0.0 10
1777014721058 0.0 11
1777014723365 0.0 12
1777014725813 0.0 13
1777014728199 0.0 14
1777014742049 0.0 15
1777014756155 0.0 16
1777014768979 0.0 17
1777014781956 0.0 18
1777014796230 0.0 19
1777014809736 0.0 20
1777014823388 0.0 21
1777014837730 0.0 22
1777014852040 0.0 23
1777014864699 0.0 24
1777014877545 0.0 25
1777014890779 0.0 26
1777014903790 0.0 27
1777014916808 0.0 28
1777014929998 0.0 29
1777014943505 0.0 30
1777014956933 0.0 31
1777014970330 0.0 32
1777014983488 0.0 33
1777014996720 0.0 34
1777015010036 0.0 35
1777015023301 0.0 36
1777015036573 0.0 37
1777015049651 0.0 38
1777015063085 0.0 39
1777015076273 0.0 40
1777015089442 0.0 41
1777015102620 0.0 42
1777015115950 0.0 43
1777015129041 0.0 44
1777015142236 0.0 45
1777015155495 0.0 46
1777015168559 0.0 47
1777015181697 0.0 48
1777015195184 0.0 49
1777015208728 0.0 50
1777015222097 0.0 51
1777015235324 0.0 52
1777015248719 0.0 53
1777015262093 0.0 54
1777015275446 0.0 55
1777015288885 0.0 56
1777015302267 0.0 57
1777015315482 0.0 58
1777015329311 0.0 59
1777015342419 0.0 60
1777015355735 0.0 61
1777015368908 0.0 62
1777015382019 0.0 63
1777015395187 0.0 64
1777015408172 0.0 65
1777015421160 0.0 66
1777015434495 0.0 67
1777015447605 0.0 68
1777015460646 0.0 69
1777015473882 0.0 70
1777015486971 0.0 71
1777015500025 0.0 72
1777015513129 0.0 73
1777015526189 0.0 74
1777015539371 0.0 75
1777015552635 0.0 76
1777015565692 0.0 77
1777015579293 0.0 78
1777015592712 0.0 79
1777015605917 0.0 80
1777015619561 0.0 81
1777015632636 0.0 82
1777015645641 0.0 83
1777015658755 0.0 84
1777015671976 0.0 85
1777015685297 0.0 86
1777015698519 0.0 87
1777015711687 1.0 88
1777015725258 1.0 89
1777015738877 1.0 90
1777015752773 1.0 91
1777015766038 1.0 92
1777015779342 2.0 93
1777015792613 2.0 94
1777015805795 2.0 95
1777015819015 2.0 96
1777015832472 2.0 97
1777015846408 2.0 98
1777015859562 2.0 99
1777015872950 2.0 100
1777015885930 2.0 101
1777015899197 2.0 102
1777015912600 3.0 103
1777015926068 3.0 104
1777015939391 3.0 105
1777015952680 3.0 106
1777015966139 3.0 107
1777015979332 3.0 108
1777015992510 3.0 109
1777016005868 3.0 110
1777016019298 3.0 111
1777016032562 3.0 112
1777016045673 3.0 113
1777016058984 3.0 114
1777016072580 3.0 115
1777016085822 3.0 116
1777016098883 3.0 117
1777016112333 3.0 118
1777016125673 3.0 119
1777016138852 3.0 120
1777016152196 3.0 121
1777016165457 3.0 122
1777016178889 3.0 123
1777016192112 3.0 124
1777016205635 3.0 125
1777016218596 3.0 126
1777016231964 3.0 127
1777016245280 3.0 128
1777016258491 3.0 129
1777016272014 3.0 130
1777016285619 3.0 131
1777016298905 3.0 132
1777016312146 3.0 133
1777016325620 3.0 134
1777016339132 3.0 135
1777016352408 3.0 136
1777016365957 3.0 137
1777016379193 3.0 138
1777016392650 3.0 139
1777016405946 3.0 140
1777016419377 3.0 141
1777016433161 3.0 142
1777016446375 3.0 143
1777016459641 3.0 144
1777016472968 3.0 145
1777016486198 3.0 146
1777016499624 3.0 147
1777016513454 3.0 148
1777016526907 3.0 149
1777016540130 3.0 150
1777016553525 3.0 151
1777016567023 3.0 152
1777016580552 3.0 153
1777016594198 3.0 154
1777016607672 3.0 155
1777016621073 3.0 156
1777016634867 3.0 157
1777016648363 3.0 158
1777016661870 3.0 159
1777016675285 3.0 160
1777016689165 3.0 161
1777016702706 3.0 162
1777016716116 3.0 163
1777016729418 3.0 164
1777016743394 3.0 165
1777016757022 3.0 166
1777016770622 3.0 167
1777016783866 3.0 168
1777016797348 3.0 169
1777016810995 3.0 170
1777016824331 3.0 171
1777016838366 3.0 172
1777016852028 3.0 173
1777016865480 3.0 174
1777016879017 3.0 175
1777016892349 3.0 176
1777016905938 3.0 177
1777016919581 3.0 178
1777016932989 3.0 179
1777016947076 3.0 180
1777016961177 3.0 181
1777016974695 3.0 182
1777016988195 3.0 183
1777017001840 3.0 184
1777017015159 3.0 185
1777017029055 3.0 186
1777017042543 3.0 187
1777017056094 3.0 188
1777017070460 3.0 189
1777017084044 3.0 190
1777017097863 3.0 191
1777017111408 3.0 192
1777017124878 3.0 193
1777017139349 3.0 194
1777017153766 3.0 195
1777017168523 3.0 196
1777017183145 3.0 197
1777017197974 3.0 198
1777017213455 3.0 199
