1777013640846 nan 0
1777013643287 nan 1
1777013645645 nan 2
1777013648064 nan 3
1777013650405 nan 4
1777013652921 nan 5
1777013655246 nan 6
1777013657459 nan 7
1777013659783 nan 8
1777013662323 -1784.851159981428 9
1777013664547 -1784.851159981428 10
1777013666820 -1784.851159981428 11
1777013669047 -1784.851159981428 12
1777013671438 -1784.851159981428 13
1777013673738 -1784.851159981428 14
1777013687211 -1784.851159981428 15
1777013701425 -1784.851159981428 16
1777013715444 -1784.851159981428 17
1777013729595 -1784.851159981428 18
1777013743866 -1797.6231420982315 19
1777013757739 -1797.6231420982315 20
1777013771024 -1797.6231420982315 21
1777013784258 -1797.6231420982315 22
1777013797712 -1797.6231420982315 23
1777013811179 -1797.6231420982315 24
1777013824687 -1797.6231420982315 25
1777013838469 -1797.6231420982315 26
1777013852317 -1797.6231420982315 27
1777013866978 -1797.6231420982315 28
1777013881581 -1822.781170419526 29
1777013895825 -1822.781170419526 30
1777013910650 -1822.781170419526 31
1777013924781 -1822.781170419526 32
1777013939003 -1822.781170419526 33
1777013953624 -1822.781170419526 34
1777013968356 -1822.781170419526 35
1777013982942 -1822.781170419526 36
1777013997853 -1822.781170419526 37
1777014011891 -1822.781170419526 38
1777014027113 -1822.781170419526 39
1777014041459 -1822.781170419526 40
1777014056067 -1822.781170419526 41
1777014070769 -1822.781170419526 42
1777014085937 -1822.781170419526 43
1777014101045 -1822.781170419526 44
1777014116031 -1822.781170419526 45
1777014131153 -1822.781170419526 46
1777014145684 -1822.781170419526 47
1777014160298 -1822.781170419526 48
1777014175459 -1822.781170419526 49
1777014190334 -1822.781170419526 50
1777014205603 -1822.781170419526 51
1777014219479 -1822.781170419526 52
1777014233914 -1822.781170419526 53
1777014248019 -1822.781170419526 54
1777014262990 -1822.781170419526 55
1777014277101 -1822.781170419526 56
