1777013640846 nan 0
1777013643287 nan 1
1777013645645 nan 2
1777013648064 nan 3
1777013650405 nan 4
1777013652921 nan 5
1777013655246 nan 6
1777013657459 nan 7
1777013659783 nan 8
1777013662323 1000.0 9
1777013664547 1000.0 10
1777013666820 1000.0 11
1777013669047 1000.0 12
1777013671438 1000.0 13
1777013673738 1000.0 14
1777013687211 1000.0 15
1777013701425 1000.0 16
1777013715444 1000.0 17
1777013729595 1000.0 18
1777013743866 1000.0 19
1777013757739 1000.0 20
1777013771024 1000.0 21
1777013784258 1000.0 22
1777013797712 1000.0 23
1777013811179 1000.0 24
1777013824687 1000.0 25
1777013838469 1000.0 26
1777013852317 1000.0 27
1777013866978 1000.0 28
1777013881581 1000.0 29
1777013895825 1000.0 30
1777013910650 1000.0 31
1777013924781 1000.0 32
1777013939003 1000.0 33
1777013953624 1000.0 34
1777013968356 1000.0 35
1777013982942 1000.0 36
1777013997853 1000.0 37
1777014011891 1000.0 38
1777014027113 1000.0 39
1777014041459 1000.0 40
1777014056067 1000.0 41
1777014070769 1000.0 42
1777014085937 1000.0 43
1777014101045 1000.0 44
1777014116031 1000.0 45
1777014131153 1000.0 46
1777014145684 1000.0 47
1777014160298 1000.0 48
1777014175459 1000.0 49
1777014190334 1000.0 50
1777014205603 1000.0 51
1777014219479 1000.0 52
1777014233914 1000.0 53
1777014248019 1000.0 54
1777014262990 1000.0 55
1777014277101 1000.0 56
