1777013640846 nan 0
1777013643287 nan 1
1777013645645 nan 2
1777013648064 nan 3
1777013650405 nan 4
1777013652921 nan 5
1777013655246 nan 6
1777013657459 nan 7
1777013659783 nan 8
1777013662323 -1784.851159981428 9
1777013664547 -1784.851159981428 10
1777013666820 -1784.851159981428 11
1777013669047 -1784.851159981428 12
1777013671438 -1784.851159981428 13
1777013673738 -1784.851159981428 14
1777013687211 -1784.851159981428 15
1777013701425 -1784.851159981428 16
1777013715444 -1784.851159981428 17
1777013729595 -1784.851159981428 18
1777013743866 -1791.2371510398298 19
1777013757739 -1791.2371510398298 20
1777013771024 -1791.2371510398298 21
1777013784258 -1791.2371510398298 22
1777013797712 -1791.2371510398298 23
1777013811179 -1791.2371510398298 24
1777013824687 -1791.2371510398298 25
1777013838469 -1791.2371510398298 26
1777013852317 -1791.2371510398298 27
1777013866978 -1791.2371510398298 28
1777013881581 -1801.7518241663954 29
1777013895825 -1801.7518241663954 30
1777013910650 -1801.7518241663954 31
1777013924781 -1801.7518241663954 32
1777013939003 -1801.7518241663954 33
1777013953624 -1801.7518241663954 34
1777013968356 -1801.7518241663954 35
1777013982942 -1801.7518241663954 36
1777013997853 -1801.7518241663954 37
1777014011891 -1801.7518241663954 38
1777014027113 -1794.0177125189366 39
1777014041459 -1794.0177125189366 40
1777014056067 -1794.0177125189366 41
1777014070769 -1794.0177125189366 42
1777014085937 -1794.0177125189366 43
1777014101045 -1794.0177125189366 44
1777014116031 -1794.0177125189366 45
1777014131153 -1794.0177125189366 46
1777014145684 -1794.0177125189366 47
1777014160298 -1794.0177125189366 48
1777014175459 -1781.5853565794325 49
1777014190334 -1781.5853565794325 50
1777014205603 -1781.5853565794325 51
1777014219479 -1781.5853565794325 52
1777014233914 -1781.5853565794325 53
1777014248019 -1781.5853565794325 54
1777014262990 -1781.5853565794325 55
1777014277101 -1781.5853565794325 56
