1777013640846 0.0 0
1777013643287 0.0 1
1777013645645 0.0 2
1777013648064 0.0 3
1777013650405 0.0 4
1777013652921 0.0 5
1777013655246 0.0 6
1777013657459 0.0 7
1777013659783 0.0 8
1777013662323 1.0 9
1777013664547 0.0 10
1777013666820 0.0 11
1777013669047 0.0 12
1777013671438 0.0 13
1777013673738 0.0 14
1777013687211 0.0 15
1777013701425 0.0 16
1777013715444 0.0 17
1777013729595 0.0 18
1777013743866 1.0 19
1777013757739 0.0 20
1777013771024 0.0 21
1777013784258 0.0 22
1777013797712 0.0 23
1777013811179 0.0 24
1777013824687 0.0 25
1777013838469 0.0 26
1777013852317 0.0 27
1777013866978 0.0 28
1777013881581 1.0 29
1777013895825 0.0 30
1777013910650 0.0 31
1777013924781 0.0 32
1777013939003 0.0 33
1777013953624 0.0 34
1777013968356 0.0 35
1777013982942 0.0 36
1777013997853 0.0 37
1777014011891 0.0 38
1777014027113 1.0 39
1777014041459 0.0 40
1777014056067 0.0 41
1777014070769 0.0 42
1777014085937 0.0 43
1777014101045 0.0 44
1777014116031 0.0 45
1777014131153 0.0 46
1777014145684 0.0 47
1777014160298 0.0 48
1777014175459 1.0 49
1777014190334 0.0 50
1777014205603 0.0 51
1777014219479 0.0 52
1777014233914 0.0 53
1777014248019 0.0 54
1777014262990 0.0 55
1777014277101 0.0 56
