1777013640846 100.0 0
1777013643287 200.0 1
1777013645645 300.0 2
1777013648064 400.0 3
1777013650405 500.0 4
1777013652921 600.0 5
1777013655246 700.0 6
1777013657459 800.0 7
1777013659783 900.0 8
1777013662323 1000.0 9
1777013664547 1100.0 10
1777013666820 1200.0 11
1777013669047 1300.0 12
1777013671438 1400.0 13
1777013673738 1500.0 14
1777013687211 1600.0 15
1777013701425 1700.0 16
1777013715444 1800.0 17
1777013729595 1900.0 18
1777013743866 2000.0 19
1777013757739 2100.0 20
1777013771024 2200.0 21
1777013784258 2300.0 22
1777013797712 2400.0 23
1777013811179 2500.0 24
1777013824687 2600.0 25
1777013838469 2700.0 26
1777013852317 2800.0 27
1777013866978 2900.0 28
1777013881581 3000.0 29
1777013895825 3100.0 30
1777013910650 3200.0 31
1777013924781 3300.0 32
1777013939003 3400.0 33
1777013953624 3500.0 34
1777013968356 3600.0 35
1777013982942 3700.0 36
1777013997853 3800.0 37
1777014011891 3900.0 38
1777014027113 4000.0 39
1777014041459 4100.0 40
1777014056067 4200.0 41
1777014070769 4300.0 42
1777014085937 4400.0 43
1777014101045 4500.0 44
1777014116031 4600.0 45
1777014131153 4700.0 46
1777014145684 4800.0 47
1777014160298 4900.0 48
1777014175459 5000.0 49
1777014190334 5100.0 50
1777014205603 5200.0 51
1777014219479 5300.0 52
1777014233914 5400.0 53
1777014248019 5500.0 54
1777014262990 5600.0 55
1777014277101 5700.0 56
