1777011544347 nan 0
1777011546536 nan 1
1777011548547 nan 2
1777011550579 nan 3
1777011552571 nan 4
1777011554580 nan 5
1777011556597 nan 6
1777011558603 nan 7
1777011560636 nan 8
1777011562757 1000.0 9
1777011564773 1000.0 10
1777011566781 1000.0 11
1777011568792 1000.0 12
1777011570804 1000.0 13
1777011572867 1000.0 14
1777011586089 1000.0 15
1777011599115 1000.0 16
1777011613037 1000.0 17
1777011626829 1000.0 18
1777011640307 1000.0 19
1777011653558 1000.0 20
1777011667120 1000.0 21
1777011680459 1000.0 22
1777011693668 1000.0 23
1777011707315 1000.0 24
1777011721446 1000.0 25
1777011737082 1000.0 26
1777011751662 1000.0 27
1777011766397 1000.0 28
1777011781184 1000.0 29
