1777011544347 nan 0
1777011546536 nan 1
1777011548547 nan 2
1777011550579 nan 3
1777011552571 nan 4
1777011554580 nan 5
1777011556597 nan 6
1777011558603 nan 7
1777011560636 nan 8
1777011562757 -1779.2628539858147 9
1777011564773 -1779.2628539858147 10
1777011566781 -1779.2628539858147 11
1777011568792 -1779.2628539858147 12
1777011570804 -1779.2628539858147 13
1777011572867 -1779.2628539858147 14
1777011586089 -1779.2628539858147 15
1777011599115 -1779.2628539858147 16
1777011613037 -1779.2628539858147 17
1777011626829 -1779.2628539858147 18
1777011640307 -1767.1625771066442 19
1777011653558 -1767.1625771066442 20
1777011667120 -1767.1625771066442 21
1777011680459 -1767.1625771066442 22
1777011693668 -1767.1625771066442 23
1777011707315 -1767.1625771066442 24
1777011721446 -1767.1625771066442 25
1777011737082 -1767.1625771066442 26
1777011751662 -1767.1625771066442 27
1777011766397 -1767.1625771066442 28
1777011781184 -1768.8687920750317 29
