1777011544347 0.0 0
1777011546536 0.0 1
1777011548547 0.0 2
1777011550579 0.0 3
1777011552571 0.0 4
1777011554580 0.0 5
1777011556597 0.0 6
1777011558603 0.0 7
1777011560636 0.0 8
1777011562757 1.0 9
1777011564773 0.0 10
1777011566781 0.0 11
1777011568792 0.0 12
1777011570804 0.0 13
1777011572867 0.0 14
1777011586089 0.0 15
1777011599115 0.0 16
1777011613037 0.0 17
1777011626829 0.0 18
1777011640307 1.0 19
1777011653558 0.0 20
1777011667120 0.0 21
1777011680459 0.0 22
1777011693668 0.0 23
1777011707315 0.0 24
1777011721446 0.0 25
1777011737082 0.0 26
1777011751662 0.0 27
1777011766397 0.0 28
1777011781184 1.0 29
