1777011544347 100.0 0
1777011546536 200.0 1
1777011548547 300.0 2
1777011550579 400.0 3
1777011552571 500.0 4
1777011554580 600.0 5
1777011556597 700.0 6
1777011558603 800.0 7
1777011560636 900.0 8
1777011562757 1000.0 9
1777011564773 1100.0 10
1777011566781 1200.0 11
1777011568792 1300.0 12
1777011570804 1400.0 13
1777011572867 1500.0 14
1777011586089 1600.0 15
1777011599115 1700.0 16
1777011613037 1800.0 17
1777011626829 1900.0 18
1777011640307 2000.0 19
1777011653558 2100.0 20
1777011667120 2200.0 21
1777011680459 2300.0 22
1777011693668 2400.0 23
1777011707315 2500.0 24
1777011721446 2600.0 25
1777011737082 2700.0 26
1777011751662 2800.0 27
1777011766397 2900.0 28
1777011781184 3000.0 29
