1777653127217 0.0 0
1777653140790 0.0 1
1777653154056 0.0 2
1777653167401 0.0 3
1777653180621 0.0 4
1777653194099 0.0 5
1777653207874 0.0 6
1777653221244 0.0 7
1777653234323 0.0 8
1777653247500 0.0 9
1777653260426 0.0 10
1777653273268 0.0 11
1777653286379 0.0 12
1777653299324 0.0 13
1777653312382 0.0 14
1777653325539 0.0 15
1777653338561 0.0 16
1777653351641 0.0 17
1777653364657 0.0 18
1777653377832 0.0 19
1777653390691 0.0 20
1777653403704 0.0 21
1777653417115 0.0 22
1777653430353 0.0 23
1777653443664 0.0 24
1777653457172 0.0 25
1777653470654 0.0 26
1777653484024 0.0 27
1777653497311 0.0 28
1777653510458 0.0 29
1777653523405 0.0 30
1777653536971 0.0 31
1777653550165 0.0 32
1777653563170 0.0 33
1777653576463 0.0 34
1777653589548 0.0 35
1777653602707 0.0 36
1777653615765 0.0 37
1777653628951 0.0 38
1777653642040 0.0 39
1777653655660 0.0 40
1777653668815 0.0 41
1777653681815 0.0 42
1777653695014 0.0 43
1777653708119 0.0 44
1777653721247 0.0 45
1777653734439 0.0 46
1777653747450 0.0 47
1777653760574 0.0 48
1777653773719 0.0 49
1777653786868 0.0 50
1777653799963 0.0 51
1777653813231 0.0 52
1777653826381 0.0 53
1777653839510 0.0 54
1777653852751 0.0 55
1777653865863 0.0 56
1777653879091 0.0 57
1777653892384 0.0 58
1777653905572 0.0 59
1777653918440 0.0 60
1777653931723 0.0 61
1777653944964 0.0 62
1777653958419 0.0 63
1777653971629 0.0 64
1777653984991 0.0 65
1777653998172 0.0 66
1777654011476 0.0 67
1777654024945 0.0 68
1777654038366 0.0 69
1777654051726 0.0 70
1777654065021 0.0 71
1777654078064 0.0 72
1777654091158 0.0 73
1777654104211 0.0 74
1777654117361 0.0 75
1777654130543 0.0 76
1777654143659 0.0 77
1777654156769 0.0 78
1777654169881 0.0 79
1777654183334 0.0 80
1777654196800 0.0 81
1777654210224 0.0 82
1777654223622 0.0 83
1777654237055 0.0 84
1777654250468 0.0 85
1777654263767 0.0 86
1777654277309 0.0 87
1777654290621 0.0 88
1777654304000 0.0 89
1777654317211 0.0 90
1777654330291 0.0 91
1777654343442 0.0 92
1777654357823 0.0 93
1777654371225 0.0 94
1777654384386 0.0 95
1777654397507 0.0 96
1777654410828 0.0 97
1777654424159 0.0 98
1777654437364 0.0 99
1777654450713 0.0 100
1777654463825 0.0 101
1777654477041 0.0 102
1777654490139 0.0 103
1777654503348 0.0 104
1777654516545 0.0 105
1777654529772 0.0 106
1777654543002 0.0 107
1777654556331 0.0 108
1777654569487 0.0 109
1777654582864 0.0 110
1777654596067 0.0 111
1777654609288 0.0 112
1777654622672 0.0 113
1777654635789 0.0 114
1777654649093 0.0 115
1777654662514 0.0 116
1777654675636 0.0 117
1777654688878 0.0 118
1777654702073 0.0 119
1777654715501 0.0 120
1777654728686 0.0 121
1777654742031 0.0 122
1777654755115 0.0 123
1777654768206 0.0 124
1777654781551 0.0 125
1777654794760 0.0 126
1777654808076 0.0 127
1777654821417 0.0 128
1777654834820 0.0 129
1777654848515 0.0 130
1777654862089 0.0 131
1777654875859 0.0 132
1777654889429 0.0 133
1777654902914 0.0 134
1777654916542 0.0 135
1777654930135 0.0 136
1777654943849 0.0 137
1777654957050 0.0 138
1777654970440 0.0 139
1777654983370 0.0 140
1777654996497 0.0 141
1777655009593 0.0 142
1777655022922 0.0 143
1777655036026 0.0 144
1777655049323 0.0 145
1777655062583 0.0 146
1777655075753 0.0 147
1777655089141 0.0 148
1777655102434 0.0 149
1777655115399 0.0 150
1777655128797 0.0 151
1777655142255 0.0 152
1777655156026 0.0 153
1777655169348 0.0 154
1777655182543 0.0 155
1777655196069 0.0 156
1777655209494 0.0 157
1777655223189 0.0 158
1777655237031 0.0 159
1777655250419 0.0 160
1777655263857 0.0 161
1777655277302 0.0 162
1777655290979 0.0 163
1777655304826 0.0 164
1777655318244 0.0 165
1777655331530 0.0 166
1777655344794 0.0 167
1777655358230 0.0 168
1777655371563 0.0 169
1777655385011 0.0 170
1777655398331 0.0 171
1777655411887 0.0 172
1777655425354 0.0 173
1777655439264 0.0 174
1777655452751 0.0 175
1777655466300 0.0 176
1777655479640 0.0 177
1777655493021 0.0 178
1777655506892 0.0 179
1777655520543 0.0 180
1777655534169 0.0 181
1777655547409 0.0 182
1777655560835 0.0 183
1777655574397 0.0 184
1777655588203 0.0 185
1777655601646 0.0 186
1777655615034 0.0 187
1777655628422 0.0 188
1777655641929 0.0 189
1777655655552 0.0 190
1777655669247 0.0 191
1777655682811 0.0 192
1777655696268 0.0 193
1777655709687 0.0 194
1777655723071 0.0 195
1777655736829 0.0 196
1777655750396 0.0 197
1777655763861 0.0 198
1777655777459 0.0 199
1777655790786 0.0 200
1777655804337 0.0 201
1777655818211 0.0 202
1777655831501 0.0 203
1777655845054 0.0 204
1777655858450 0.0 205
1777655871743 0.0 206
1777655885121 0.0 207
1777655898555 0.0 208
1777655911855 0.0 209
1777655925279 0.0 210
1777655938732 0.0 211
1777655952031 0.0 212
1777655965527 0.0 213
1777655978888 0.0 214
1777655992315 0.0 215
1777656005699 0.0 216
1777656019016 0.0 217
1777656032266 0.0 218
1777656045721 0.0 219
1777656058642 0.0 220
1777656072111 0.0 221
1777656085394 0.0 222
1777656098813 0.0 223
1777656112261 0.0 224
1777656125567 0.0 225
1777656139009 0.0 226
1777656152258 0.0 227
1777656165844 0.0 228
1777656179113 0.0 229
1777656192450 0.0 230
1777656205897 0.0 231
1777656219182 0.0 232
1777656232656 0.0 233
1777656246458 0.0 234
1777656260079 0.0 235
1777656273720 0.0 236
1777656287377 0.0 237
1777656301110 0.0 238
1777656314964 0.0 239
1777656328726 0.0 240
1777656342368 0.0 241
1777656356000 0.0 242
1777656369806 0.0 243
1777656383562 0.0 244
1777656396926 0.0 245
1777656410304 0.0 246
1777656423726 0.0 247
1777656437057 0.0 248
1777656450391 0.0 249
1777656463776 0.0 250
1777656477249 0.0 251
1777656490436 0.0 252
1777656503658 0.0 253
1777656516883 0.0 254
1777656530237 0.0 255
1777656543446 0.0 256
1777656556775 0.0 257
1777656569870 0.0 258
1777656583026 0.0 259
1777656596237 0.0 260
1777656609406 0.0 261
1777656622768 0.0 262
1777656636043 0.0 263
1777656649369 0.0 264
1777656662735 0.0 265
1777656675867 0.0 266
1777656688971 0.0 267
1777656702174 0.0 268
1777656715441 0.0 269
1777656728917 0.0 270
1777656742122 0.0 271
1777656755383 0.0 272
1777656768719 0.0 273
1777656782157 0.0 274
1777656795346 0.0 275
1777656808662 0.0 276
1777656821932 0.0 277
1777656835116 0.0 278
1777656848577 0.0 279
1777656861843 0.0 280
1777656875192 0.0 281
1777656888472 0.0 282
1777656901811 0.0 283
1777656915434 0.0 284
1777656929116 0.0 285
1777656942692 0.0 286
1777656956247 0.0 287
1777656969892 0.0 288
1777656983275 0.0 289
1777656996838 0.0 290
1777657010595 0.0 291
1777657024060 0.0 292
1777657037895 0.0 293
1777657051367 0.0 294
1777657064619 0.0 295
1777657077832 0.0 296
1777657091142 0.0 297
1777657104366 0.0 298
1777657117495 0.0 299
1777657130824 0.0 300
1777657143991 0.0 301
1777657157134 0.0 302
1777657170370 0.0 303
1777657183707 0.0 304
1777657196802 0.0 305
1777657210085 0.0 306
1777657223289 0.0 307
1777657236614 0.0 308
1777657249965 0.0 309
1777657263340 0.0 310
1777657276581 0.0 311
1777657289858 0.0 312
1777657303083 0.0 313
1777657316326 0.0 314
1777657329643 0.0 315
1777657343078 0.0 316
1777657356293 0.0 317
1777657369586 0.0 318
1777657382711 0.0 319
1777657396077 0.0 320
1777657409192 0.0 321
1777657422711 0.0 322
1777657435992 0.0 323
1777657449249 0.0 324
1777657462483 0.0 325
1777657475785 0.0 326
1777657489283 0.0 327
1777657502383 0.0 328
1777657515544 0.0 329
1777657528939 0.0 330
1777657542221 0.0 331
1777657555398 0.0 332
1777657568836 0.0 333
1777657582512 0.0 334
1777657597450 0.0 335
1777657612437 0.0 336
1777657627445 0.0 337
1777657642359 0.0 338
1777657657409 0.0 339
1777657672700 0.0 340
1777657687744 0.0 341
1777657702575 0.0 342
1777657717301 0.0 343
1777657731980 0.0 344
1777657745750 0.0 345
1777657759517 0.0 346
1777657773238 0.0 347
1777657786732 0.0 348
1777657800749 0.0 349
1777657814617 0.0 350
1777657829173 0.0 351
1777657843822 0.0 352
1777657858448 0.0 353
1777657873573 0.0 354
1777657888415 0.0 355
1777657902830 0.0 356
1777657917553 0.0 357
1777657931945 0.0 358
1777657946389 0.0 359
1777657960823 0.0 360
1777657975376 0.0 361
1777657989259 0.0 362
1777658003567 0.0 363
1777658017863 0.0 364
1777658032108 0.0 365
1777658046403 0.0 366
1777658060889 0.0 367
1777658075640 0.0 368
1777658090034 0.0 369
1777658104403 0.0 370
1777658118766 0.0 371
1777658133215 0.0 372
1777658147197 0.0 373
1777658160996 0.0 374
1777658174223 0.0 375
1777658189252 0.0 376
1777658204114 0.0 377
1777658218723 0.0 378
1777658233216 0.0 379
1777658246596 0.0 380
1777658259954 0.0 381
1777658273194 0.0 382
1777658286355 0.0 383
1777658299975 0.0 384
1777658313496 0.0 385
1777658327238 0.0 386
1777658340699 0.0 387
1777658354127 0.0 388
1777658367659 0.0 389
1777658381340 0.0 390
1777658394871 0.0 391
1777658408687 0.0 392
1777658422149 0.0 393
1777658435685 0.0 394
1777658449110 0.0 395
1777658462284 0.0 396
1777658475646 0.0 397
1777658489084 0.0 398
1777658502339 0.0 399
1777658515557 0.0 400
1777658528975 0.0 401
1777658542246 0.0 402
1777658555458 0.0 403
1777658568883 0.0 404
1777658582028 0.0 405
1777658595344 0.0 406
1777658608504 0.0 407
1777658621645 0.0 408
1777658635009 0.0 409
1777658648236 0.0 410
1777658661429 0.0 411
1777658674669 0.0 412
1777658687884 0.0 413
1777658701305 0.0 414
1777658714447 0.0 415
1777658727785 0.0 416
1777658741045 0.0 417
1777658754304 0.0 418
1777658767564 0.0 419
1777658780817 0.0 420
1777658793997 0.0 421
1777658807440 0.0 422
1777658820636 0.0 423
1777658833877 0.0 424
1777658847141 0.0 425
1777658860317 0.0 426
1777658873792 0.0 427
1777658886920 0.0 428
1777658900132 0.0 429
1777658913291 0.0 430
1777658926589 0.0 431
1777658939828 0.0 432
1777658953040 0.0 433
1777658966543 0.0 434
1777658980186 0.0 435
1777658993628 0.0 436
1777659007159 0.0 437
1777659020590 0.0 438
1777659033963 0.0 439
1777659047726 0.0 440
1777659061188 0.0 441
1777659074670 0.0 442
1777659088237 0.0 443
1777659101836 0.0 444
1777659115103 0.0 445
1777659128189 0.0 446
1777659141348 0.0 447
1777659154490 0.0 448
1777659167810 0.0 449
1777659180951 0.0 450
1777659194180 0.0 451
1777659207514 0.0 452
1777659220713 0.0 453
1777659233926 0.0 454
1777659247198 0.0 455
1777659260367 0.0 456
1777659273616 0.0 457
1777659286774 0.0 458
1777659299934 0.0 459
1777659313290 0.0 460
1777659326507 0.0 461
1777659339819 0.0 462
1777659353131 0.0 463
1777659366294 0.0 464
1777659379385 0.0 465
1777659392565 0.0 466
1777659405912 0.0 467
1777659419079 0.0 468
1777659432387 0.0 469
1777659445667 0.0 470
1777659458954 0.0 471
1777659472208 0.0 472
1777659485554 0.0 473
1777659498861 0.0 474
1777659512134 0.0 475
1777659525377 0.0 476
1777659538619 0.0 477
1777659551785 0.0 478
1777659565212 0.0 479
1777659578565 0.0 480
1777659591787 0.0 481
1777659605242 0.0 482
1777659618431 0.0 483
1777659631988 0.0 484
1777659645763 0.0 485
1777659659434 0.0 486
1777659673001 0.0 487
1777659686526 0.0 488
1777659700219 0.0 489
1777659713759 0.0 490
1777659727196 0.0 491
1777659740810 0.0 492
1777659754647 0.0 493
1777659768267 0.0 494
1777659781417 0.0 495
1777659794589 0.0 496
1777659808004 0.0 497
1777659821289 0.0 498
1777659834531 0.0 499
1777659847501 0.0 500
1777659860162 0.0 501
1777659872894 0.0 502
1777659885539 0.0 503
1777659898518 0.0 504
1777659911100 0.0 505
1777659923780 0.0 506
1777659936612 0.0 507
1777659949097 0.0 508
1777659961637 0.0 509
1777659974498 0.0 510
1777659986961 0.0 511
1777659999543 0.0 512
1777660011978 0.0 513
1777660024597 0.0 514
1777660037325 0.0 515
1777660049834 0.0 516
1777660062330 0.0 517
1777660074939 0.0 518
1777660087478 0.0 519
1777660099916 0.0 520
1777660112621 0.0 521
1777660125152 0.0 522
1777660137616 0.0 523
1777660150282 0.0 524
1777660162696 0.0 525
1777660175246 0.0 526
1777660187764 0.0 527
1777660200329 0.0 528
1777660212966 0.0 529
1777660225521 0.0 530
1777660238061 0.0 531
1777660250755 0.0 532
1777660263555 0.0 533
1777660276333 0.0 534
1777660289185 0.0 535
1777660301917 0.0 536
1777660314658 0.0 537
1777660327379 0.0 538
1777660340261 0.0 539
1777660353010 0.0 540
1777660365830 0.0 541
1777660378545 0.0 542
1777660391364 0.0 543
1777660404095 0.0 544
1777660416685 0.0 545
1777660429130 0.0 546
1777660441719 0.0 547
1777660454319 0.0 548
1777660466657 0.0 549
1777660479306 0.0 550
1777660491878 0.0 551
1777660504283 0.0 552
1777660516727 0.0 553
1777660529393 0.0 554
1777660541932 0.0 555
1777660554364 0.0 556
1777660567095 0.0 557
1777660579643 0.0 558
1777660592237 0.0 559
1777660604759 0.0 560
1777660617161 0.0 561
1777660629772 0.0 562
1777660642274 0.0 563
1777660654970 0.0 564
1777660667417 0.0 565
1777660679882 0.0 566
1777660692259 0.0 567
1777660704900 0.0 568
1777660717448 0.0 569
1777660729954 0.0 570
1777660742608 0.0 571
1777660755139 0.0 572
1777660767556 0.0 573
1777660780434 0.0 574
1777660793024 0.0 575
1777660805515 0.0 576
1777660817970 0.0 577
1777660830594 0.0 578
1777660842996 0.0 579
1777660855606 0.0 580
1777660868330 0.0 581
1777660880864 0.0 582
1777660893599 0.0 583
1777660906371 0.0 584
1777660919179 0.0 585
1777660932168 0.0 586
1777660944866 0.0 587
1777660957647 0.0 588
1777660970482 0.0 589
1777660983412 0.0 590
1777660996091 0.0 591
1777661008888 0.0 592
1777661021831 0.0 593
1777661034573 0.0 594
1777661047147 0.0 595
1777661059688 0.0 596
1777661072483 0.0 597
1777661085217 0.0 598
1777661097568 0.0 599
1777661110048 0.0 600
1777661122665 0.0 601
1777661135244 0.0 602
1777661147796 0.0 603
1777661160306 0.0 604
1777661172869 0.0 605
1777661185231 0.0 606
1777661197898 0.0 607
1777661210457 0.0 608
1777661223027 0.0 609
1777661235645 0.0 610
1777661248310 0.0 611
1777661260881 0.0 612
1777661273397 0.0 613
1777661286295 0.0 614
1777661299630 0.0 615
1777661315508 0.0 616
1777661330094 0.0 617
1777661344383 0.0 618
1777661359727 0.0 619
1777661374545 0.0 620
1777661388991 0.0 621
1777661403433 0.0 622
1777661417264 0.0 623
1777661431207 0.0 624
1777661445242 0.0 625
1777661459048 0.0 626
1777661473050 0.0 627
1777661486935 0.0 628
1777661501314 0.0 629
1777661515152 0.0 630
1777661529149 0.0 631
1777661543106 0.0 632
1777661557208 0.0 633
1777661571491 0.0 634
1777661585787 0.0 635
1777661600547 0.0 636
1777661615236 0.0 637
1777661629735 0.0 638
1777661643619 0.0 639
1777661657710 0.0 640
1777661670883 0.0 641
