1777012117472 nan 0
1777012119570 nan 1
1777012121479 nan 2
1777012123413 nan 3
1777012125348 nan 4
1777012127357 nan 5
1777012129293 nan 6
1777012131217 nan 7
1777012133145 nan 8
1777012135147 1000.0 9
1777012137121 1000.0 10
1777012139051 1000.0 11
1777012140984 1000.0 12
1777012142917 1000.0 13
1777012144819 1000.0 14
1777012157861 1000.0 15
1777012170891 1000.0 16
1777012183849 1000.0 17
1777012196779 1000.0 18
1777012210135 1000.0 19
1777012223037 1000.0 20
1777012236455 1000.0 21
1777012249529 1000.0 22
1777012262935 1000.0 23
1777012276157 1000.0 24
