1777012117472 0.0 0
1777012119570 0.0 1
1777012121479 0.0 2
1777012123413 0.0 3
1777012125348 0.0 4
1777012127357 0.0 5
1777012129293 0.0 6
1777012131217 0.0 7
1777012133145 0.0 8
1777012135147 1.0 9
1777012137121 0.0 10
1777012139051 0.0 11
1777012140984 0.0 12
1777012142917 0.0 13
1777012144819 0.0 14
1777012157861 0.0 15
1777012170891 0.0 16
1777012183849 0.0 17
1777012196779 0.0 18
1777012210135 1.0 19
1777012223037 0.0 20
1777012236455 0.0 21
1777012249529 0.0 22
1777012262935 0.0 23
1777012276157 0.0 24
