1777012117472 100.0 0
1777012119570 200.0 1
1777012121479 300.0 2
1777012123413 400.0 3
1777012125348 500.0 4
1777012127357 600.0 5
1777012129293 700.0 6
1777012131217 800.0 7
1777012133145 900.0 8
1777012135147 1000.0 9
1777012137121 1100.0 10
1777012139051 1200.0 11
1777012140984 1300.0 12
1777012142917 1400.0 13
1777012144819 1500.0 14
1777012157861 1600.0 15
1777012170891 1700.0 16
1777012183849 1800.0 17
1777012196779 1900.0 18
1777012210135 2000.0 19
1777012223037 2100.0 20
1777012236455 2200.0 21
1777012249529 2300.0 22
1777012262935 2400.0 23
1777012276157 2500.0 24
