1777009345118 0.0 0
1777009346770 0.0 1
1777009348392 0.0 2
1777009350051 0.0 3
1777009351698 0.0 4
1777009353319 0.0 5
1777009354980 0.0 6
1777009356666 0.0 7
1777009358340 0.0 8
1777009360077 0.0 9
1777009361527 0.0 10
1777009362947 0.0 11
1777009364397 0.0 12
1777009365845 0.0 13
1777009367263 0.0 14
1777009377891 0.0 15
1777009388378 0.0 16
1777009398769 0.0 17
1777009409261 0.0 18
1777009419789 0.0 19
1777009430623 0.0 20
1777009441408 0.0 21
1777009451848 0.0 22
1777009462204 0.0 23
1777009472596 0.0 24
1777009482659 0.0 25
1777009492827 0.0 26
1777009502940 0.0 27
1777009512995 0.0 28
1777009523265 0.0 29
1777009533472 0.0 30
1777009543737 0.0 31
1777009553896 0.0 32
1777009564071 0.0 33
1777009574351 0.0 34
1777009584508 0.0 35
1777009595023 0.0 36
1777009605561 0.0 37
1777009616223 0.0 38
1777009627164 0.0 39
1777009637715 0.0 40
1777009648124 0.0 41
1777009658781 0.0 42
1777009669305 0.0 43
1777009679897 0.0 44
1777009690488 0.0 45
1777009701123 0.0 46
1777009711758 0.0 47
1777009722427 0.0 48
1777009733301 0.0 49
1777009743909 0.0 50
1777009754628 0.0 51
1777009765247 0.0 52
1777009775863 0.0 53
1777009786461 0.0 54
1777009797160 0.0 55
1777009807943 0.0 56
1777009818694 0.0 57
1777009829392 0.0 58
1777009840200 0.0 59
1777009851119 0.0 60
1777009861919 0.0 61
1777009872740 0.0 62
1777009883569 0.0 63
1777009894323 0.0 64
1777009905221 0.0 65
1777009916187 0.0 66
1777009927202 0.0 67
1777009938263 0.0 68
1777009949200 0.0 69
1777009960062 0.0 70
1777009970708 0.0 71
1777009981309 0.0 72
1777009991951 0.0 73
1777010002754 0.0 74
1777010013519 0.0 75
1777010024368 0.0 76
1777010035056 0.0 77
1777010046021 0.0 78
1777010056960 0.0 79
1777010067711 0.0 80
1777010078526 0.0 81
1777010089407 0.0 82
1777010100123 0.0 83
1777010110898 0.0 84
1777010121728 0.0 85
1777010132491 0.0 86
1777010143431 0.0 87
1777010154166 0.0 88
1777010164891 0.0 89
1777010175348 0.0 90
1777010186073 0.0 91
1777010196832 0.0 92
1777010207870 0.0 93
