1777009345118 100.0 0
1777009346770 200.0 1
1777009348392 300.0 2
1777009350051 400.0 3
1777009351698 500.0 4
1777009353319 600.0 5
1777009354980 700.0 6
1777009356666 800.0 7
1777009358340 900.0 8
1777009360077 1000.0 9
1777009361527 1100.0 10
1777009362947 1200.0 11
1777009364397 1300.0 12
1777009365845 1400.0 13
1777009367263 1500.0 14
1777009377891 1600.0 15
1777009388378 1700.0 16
1777009398769 1800.0 17
1777009409261 1900.0 18
1777009419789 2000.0 19
1777009430623 2100.0 20
1777009441408 2200.0 21
1777009451848 2300.0 22
1777009462204 2400.0 23
1777009472596 2500.0 24
1777009482659 2600.0 25
1777009492827 2700.0 26
1777009502940 2800.0 27
1777009512995 2900.0 28
1777009523265 3000.0 29
1777009533472 3100.0 30
1777009543737 3200.0 31
1777009553896 3300.0 32
1777009564071 3400.0 33
1777009574351 3500.0 34
1777009584508 3600.0 35
1777009595023 3700.0 36
1777009605561 3800.0 37
1777009616223 3900.0 38
1777009627164 4000.0 39
1777009637715 4100.0 40
1777009648124 4200.0 41
1777009658781 4300.0 42
1777009669305 4400.0 43
1777009679897 4500.0 44
1777009690488 4600.0 45
1777009701123 4700.0 46
1777009711758 4800.0 47
1777009722427 4900.0 48
1777009733301 5000.0 49
1777009743909 5100.0 50
1777009754628 5200.0 51
1777009765247 5300.0 52
1777009775863 5400.0 53
1777009786461 5500.0 54
1777009797160 5600.0 55
1777009807943 5700.0 56
1777009818694 5800.0 57
1777009829392 5900.0 58
1777009840200 6000.0 59
1777009851119 6100.0 60
1777009861919 6200.0 61
1777009872740 6300.0 62
1777009883569 6400.0 63
1777009894323 6500.0 64
1777009905221 6600.0 65
1777009916187 6700.0 66
1777009927202 6800.0 67
1777009938263 6900.0 68
1777009949200 7000.0 69
1777009960062 7100.0 70
1777009970708 7200.0 71
1777009981309 7300.0 72
1777009991951 7400.0 73
1777010002754 7500.0 74
1777010013519 7600.0 75
1777010024368 7700.0 76
1777010035056 7800.0 77
1777010046021 7900.0 78
1777010056960 8000.0 79
1777010067711 8100.0 80
1777010078526 8200.0 81
1777010089407 8300.0 82
1777010100123 8400.0 83
1777010110898 8500.0 84
1777010121728 8600.0 85
1777010132491 8700.0 86
1777010143431 8800.0 87
1777010154166 8900.0 88
1777010164891 9000.0 89
1777010175348 9100.0 90
1777010186073 9200.0 91
1777010196832 9300.0 92
1777010207870 9400.0 93
