1775762268309 31.33466911315918 1
1775762269438 30.620201110839844 2
1775762270891 31.285791397094727 3
1775762272076 31.294832229614258 4
1775762273165 30.625205993652344 5
1775762274690 31.274742126464844 6
1775762275917 31.297128677368164 7
1775762277048 30.59257698059082 8
1775762278475 31.293636322021484 9
1775762279700 31.296796798706055 10
1775762280801 30.59942054748535 11
1775762282230 31.301406860351562 12
1775762283403 31.299562454223633 13
1775762284505 30.616615295410156 14
1775762285900 31.359268188476562 15
1775762287138 31.297988891601562 16
1775762288243 30.61975860595703 17
1775762289648 31.26842498779297 18
1775762290882 31.299102783203125 19
1775762291991 30.62912368774414 20
1775762293525 31.29348373413086 21
1775762294788 31.30129623413086 22
1775762295988 30.62342071533203 23
1775762297374 31.320884704589844 24
1775762298797 31.296422958374023 25
1775762299913 30.594940185546875 26
1775762301429 31.291841506958008 27
1775762302677 31.295860290527344 28
1775762303802 30.699867248535156 29
1775762305210 31.395723342895508 30
1775762306444 31.37260627746582 31
1775762307565 30.626619338989258 32
1775762309032 31.300294876098633 33
1775762310256 31.297149658203125 34
1775762311376 30.62624740600586 35
1775762312903 31.30044937133789 36
1775762314321 31.29885482788086 37
1775762315428 30.617694854736328 38
1775762316855 31.28551483154297 39
1775762318092 31.23917007446289 40
1775762319286 30.621747970581055 41
1775762320715 31.264976501464844 42
