1775762268309 0.0 1
1775762269438 0.0 2
1775762270891 0.0 3
1775762272076 0.0 4
1775762273165 0.0 5
1775762274690 0.0 6
1775762275917 0.0 7
1775762277048 0.0 8
1775762278475 0.0 9
1775762279700 0.0 10
1775762280801 0.0 11
1775762282230 0.0 12
1775762283403 0.0 13
1775762284505 0.0 14
1775762285900 0.0 15
1775762287138 0.0 16
1775762288243 0.0 17
1775762289648 0.0 18
1775762290882 0.0 19
1775762291991 0.0 20
1775762293525 0.0 21
1775762294788 0.0 22
1775762295988 0.0 23
1775762297374 0.0 24
1775762298797 0.0 25
1775762299913 0.0 26
1775762301429 0.0 27
1775762302677 0.0 28
1775762303802 0.0 29
1775762305210 0.0 30
1775762306444 0.0 31
1775762307565 0.0 32
1775762309032 0.0 33
1775762310256 0.0 34
1775762311376 0.0 35
1775762312903 0.0 36
1775762314321 0.0 37
1775762315428 0.0 38
1775762316855 0.0 39
1775762318092 0.0 40
1775762319286 0.0 41
1775762320715 0.0 42
