1775762268309 101.0 1
1775762269438 101.0 2
1775762270891 101.0 3
1775762272076 101.0 4
1775762273165 101.0 5
1775762274690 101.0 6
1775762275917 101.0 7
1775762277048 101.0 8
1775762278475 101.0 9
1775762279700 101.0 10
1775762280801 101.0 11
1775762282230 101.0 12
1775762283403 101.0 13
1775762284505 101.0 14
1775762285900 101.0 15
1775762287138 101.0 16
1775762288243 101.0 17
1775762289648 101.0 18
1775762290882 101.0 19
1775762291991 101.0 20
1775762293525 101.0 21
1775762294788 101.0 22
1775762295988 101.0 23
1775762297374 101.0 24
1775762298797 101.0 25
1775762299913 101.0 26
1775762301429 101.0 27
1775762302677 101.0 28
1775762303802 101.0 29
1775762305210 101.0 30
1775762306444 101.0 31
1775762307565 101.0 32
1775762309032 101.0 33
1775762310256 101.0 34
1775762311376 101.0 35
1775762312903 101.0 36
1775762314321 101.0 37
1775762315428 101.0 38
1775762316855 101.0 39
1775762318092 101.0 40
1775762319286 101.0 41
1775762320715 101.0 42
