1775762268309 0.3500685799121861 1
1775762269438 4.992595145702364 2
1775762270891 13.357896622493865 3
1775762272076 0.34602918803691907 4
1775762273165 4.993762934803964 5
1775762274690 13.340860378220679 6
1775762275917 0.35869353592395825 7
1775762277048 5.023934366405012 8
1775762278475 13.351256069019438 9
1775762279700 0.351943980455399 10
1775762280801 5.0135454556345955 11
1775762282230 13.361408826187255 12
1775762283403 0.35944722175598187 13
1775762284505 5.088134417533876 14
1775762285900 11.493258868530393 15
1775762287138 0.3554627108573918 16
1775762288243 4.99381792008877 17
1775762289648 13.348909881189467 18
1775762290882 0.35184523046016736 19
1775762291991 5.014364788532259 20
1775762293525 13.369925584867598 21
1775762294788 0.367002140283585 22
1775762295988 5.006699847280981 23
1775762297374 13.357820864990355 24
1775762298797 0.3589971917867665 25
1775762299913 5.092516856491567 26
1775762301429 13.347427170947196 27
1775762302677 0.3485080707073216 28
1775762303802 4.9989881834387795 29
1775762305210 11.519808960333467 30
1775762306444 0.35303379178047223 31
1775762307565 5.010437557697298 32
1775762309032 13.357342031076552 33
1775762310256 0.35277725338935895 34
1775762311376 5.52135801523924 35
1775762312903 13.34433166332543 36
1775762314321 0.37646683633327527 37
1775762315428 5.01336290895939 38
1775762316855 13.361810785010459 39
1775762318092 0.39877745091915173 40
1775762319286 4.998155603408815 41
1775762320715 13.377889659479262 42
