1777693015705 nan 0
1777693039169 105.0 1
1777693063440 100.5 2
1777693088133 89.5 3
1777693111927 89.0 4
1777693135512 88.66666666666667 5
1777693158691 94.42857142857143 6
1777693182440 95.0 7
1777693206300 98.88888888888889 8
1777693230443 93.3 9
1777693254420 92.63636363636364 10
1777693278806 88.76923076923077 11
1777693303575 90.0 12
1777693328337 87.8 13
1777693353429 88.3125 14
1777693378101 89.47058823529412 15
1777693403054 91.72222222222223 16
1777693427955 91.72222222222223 17
1777693452754 91.72222222222223 18
1777693477492 91.72222222222223 19
1777693502516 91.72222222222223 20
1777693528141 91.72222222222223 21
1777693554920 91.72222222222223 22
1777693581225 91.72222222222223 23
1777693605888 91.72222222222223 24
1777693630491 91.72222222222223 25
1777693655617 139.52631578947367 26
1777693680297 139.52631578947367 27
1777693705494 143.4 28
1777693730144 143.4 29
1777693754916 144.85714285714286 30
1777693779887 144.85714285714286 31
1777693805313 147.0909090909091 32
1777693830783 144.17391304347825 33
1777693856240 145.04166666666666 34
1777693881542 142.44 35
1777693907227 141.96153846153845 36
1777693932406 139.1851851851852 37
1777693958054 132.9655172413793 38
1777693984005 124.96875 39
1777694009347 123.57575757575758 40
1777694034450 123.57575757575758 41
1777694059622 123.57575757575758 42
1777694084861 123.57575757575758 43
1777694110163 123.57575757575758 44
1777694135451 123.57575757575758 45
1777694160443 123.57575757575758 46
1777694186210 139.52941176470588 47
1777694211440 135.27777777777777 48
1777694236873 130.97368421052633 49
1777694261909 126.9 50
1777694287438 122.69047619047619 51
1777694313151 119.97727272727273 52
1777694338937 114.61702127659575 53
1777694364218 111.87755102040816 54
1777694389471 109.50980392156863 55
1777694415118 107.20754716981132 56
1777694440757 104.98181818181818 57
1777694466328 103.15789473684211 58
1777694491754 102.34482758620689 59
1777694517416 101.0 60
1777694542480 101.0 61
1777694568483 99.96825396825396 62
1777694594082 98.32307692307693 63
1777694619721 96.70149253731343 64
1777694645023 95.10144927536231 65
1777694670600 93.91549295774648 66
1777694696514 91.82432432432432 67
1777694723004 90.5657894736842 68
1777694748852 89.17948717948718 69
1777694774389 88.1875 70
1777694800796 86.71084337349397 71
1777694826523 85.74117647058823 72
1777694852429 84.74712643678161 73
1777694878643 83.22222222222223 74
1777694904832 82.20652173913044 75
1777694931148 80.91578947368421 76
1777694957655 80.10309278350516 77
1777694983703 79.29292929292929 78
1777695010324 77.91 79
1777695036078 77.26 80
1777695061835 76.52 81
1777695087519 75.13 82
1777695112410 74.29 83
1777695137753 73.36 84
1777695162703 72.67 85
1777695187982 70.34 86
1777695213004 59.06 87
1777695237965 56.61 88
1777695263166 54.99 89
1777695288163 53.72 90
1777695313409 53.79 91
1777695338478 53.8 92
1777695363657 53.83 93
1777695388605 53.94 94
1777695413778 47.52 95
1777695439153 47.4 96
1777695464128 47.72 97
1777695489444 47.8 98
1777695514383 47.47 99
1777695539623 47.24 100
1777695564734 47.24 101
1777695590084 47.21 102
1777695615247 47.12 103
1777695640323 47.28 104
1777695665153 47.55 105
1777695690256 46.81 106
1777695715202 45.52 107
1777695740164 45.55 108
1777695765350 45.4 109
1777695790601 45.25 110
1777695815882 44.76 111
1777695840761 45.3 112
1777695866140 45.14 113
1777695891232 45.38 114
1777695916623 45.24 115
1777695941611 44.4 116
1777695966638 44.5 117
1777695992249 44.45 118
1777696017391 44.35 119
1777696042827 44.41 120
1777696068042 44.53 121
1777696093484 44.69 122
1777696118700 44.46 123
1777696143761 44.49 124
1777696168922 44.44 125
1777696194158 44.31 126
1777696219169 44.27 127
1777696244352 43.97 128
1777696269015 43.79 129
1777696294003 43.92 130
1777696319169 44.54 131
1777696344495 43.89 132
1777696369687 43.87 133
1777696394912 43.74 134
1777696419950 43.47 135
1777696444946 43.29 136
1777696469886 42.67 137
1777696494886 42.36 138
1777696519863 42.02 139
1777696544717 41.89 140
1777696569457 42.0 141
1777696594407 42.26 142
1777696619277 42.34 143
1777696644306 42.42 144
1777696669424 42.2 145
1777696694405 41.95 146
1777696719574 41.84 147
1777696744758 41.95 148
1777696769772 42.21 149
1777696794834 42.27 150
1777696819614 42.24 151
1777696844622 42.31 152
1777696869873 42.42 153
1777696894966 42.55 154
1777696919775 42.59 155
1777696945004 42.84 156
1777696970180 42.77 157
1777696995465 42.99 158
1777697020216 43.58 159
1777697045124 44.14 160
1777697070440 44.1 161
1777697095379 44.19 162
1777697120864 44.01 163
1777697146419 44.47 164
1777697171619 44.12 165
1777697196922 44.14 166
1777697222070 44.03 167
1777697247208 44.53 168
1777697272414 44.73 169
1777697298171 44.67 170
1777697323474 44.93 171
1777697348406 45.03 172
1777697373798 44.99 173
1777697399067 44.79 174
1777697424398 44.38 175
1777697449732 44.36 176
1777697474881 44.5 177
1777697499887 45.09 178
1777697525283 44.97 179
1777697550695 44.84 180
1777697576204 45.0 181
1777697601271 45.1 182
1777697626133 45.36 183
1777697651568 45.42 184
1777697676466 45.44 185
1777697701722 45.19 186
1777697727210 45.37 187
1777697752761 45.25 188
1777697778729 45.36 189
1777697804341 45.55 190
1777697830071 45.8 191
1777697855639 45.93 192
1777697881120 46.09 193
1777697906788 45.99 194
1777697932121 45.88 195
1777697957954 46.1 196
1777697983543 46.23 197
1777698008838 46.22 198
1777698035043 46.36 199
1777698061789 46.43 200
1777698088407 46.02 201
1777698115449 45.8 202
1777698142603 45.61 203
1777698169667 45.09 204
1777698196934 45.04 205
1777698224386 45.05 206
1777698251917 45.07 207
1777698278751 45.18 208
1777698305518 45.24 209
1777698331728 45.32 210
1777698356576 45.36 211
1777698382065 45.53 212
1777698408710 44.89 213
1777698436455 44.74 214
1777698463309 44.64 215
1777698489303 44.51 216
1777698514615 44.52 217
1777698539936 44.67 218
1777698564810 44.9 219
1777698590274 44.8 220
1777698615582 44.89 221
1777698641446 44.2 222
1777698667371 44.46 223
1777698693798 44.55 224
1777698720433 44.27 225
1777698747543 44.15 226
1777698774359 43.91 227
1777698801600 43.95 228
1777698828878 43.69 229
1777698856137 43.71 230
1777698883056 43.47 231
1777698909810 43.51 232
1777698936526 43.44 233
1777698963763 42.8 234
1777698990642 42.73 235
1777699017262 42.51 236
1777699043867 42.47 237
1777699070178 42.12 238
1777699095812 42.02 239
1777699122130 41.74 240
1777699149088 41.66 241
1777699175608 41.68 242
1777699202645 41.56 243
1777699229289 41.53 244
1777699256152 41.66 245
1777699283091 41.72 246
1777699309694 42.2 247
1777699336319 42.17 248
1777699363521 42.12 249
1777699390103 41.93 250
1777699414899 41.72 251
1777699439983 41.86 252
1777699464832 41.82 253
1777699489860 41.51 254
1777699514989 41.83 255
1777699539725 42.1 256
1777699564615 41.98 257
1777699589384 42.0 258
1777699614221 42.05 259
1777699639148 42.11 260
1777699664928 42.14 261
1777699691035 42.11 262
1777699717024 41.92 263
1777699742044 41.17 264
1777699767602 41.19 265
1777699793022 41.11 266
1777699818668 41.03 267
1777699844327 41.03 268
1777699869963 41.15 269
1777699895722 41.35 270
1777699921689 41.57 271
1777699948224 41.77 272
1777699974115 41.77 273
1777700000287 42.03 274
1777700026205 41.77 275
1777700051678 42.1 276
1777700076938 41.91 277
1777700101996 41.88 278
1777700127362 41.92 279
1777700152848 42.09 280
1777700177950 42.28 281
1777700202974 42.3 282
1777700227587 42.41 283
1777700253247 42.49 284
1777700279429 42.95 285
1777700305642 42.85 286
1777700331505 42.7 287
1777700356690 42.48 288
1777700381608 42.04 289
1777700406836 41.85 290
1777700432153 41.98 291
1777700457028 42.22 292
1777700481819 42.17 293
1777700506614 42.08 294
1777700531190 42.03 295
1777700555694 42.02 296
1777700580088 42.33 297
1777700604425 42.08 298
1777700628488 42.11 299
1777700653142 42.11 300
1777700677205 42.54 301
1777700701935 42.52 302
1777700726637 42.46 303
1777700751224 42.54 304
1777700775353 42.54 305
1777700799838 42.62 306
1777700824071 43.08 307
1777700848632 43.5 308
1777700872875 43.66 309
1777700897051 43.79 310
1777700921299 44.06 311
1777700945346 44.15 312
1777700969872 43.91 313
1777700994227 43.69 314
1777701018791 43.71 315
1777701043276 43.45 316
1777701067506 43.02 317
1777701092141 42.92 318
1777701116589 43.03 319
1777701141028 43.06 320
1777701165399 43.21 321
1777701189485 43.17 322
1777701214098 43.25 323
1777701238295 43.07 324
1777701262861 42.92 325
1777701287082 42.73 326
1777701311395 42.25 327
1777701335616 42.26 328
1777701360013 42.51 329
1777701384588 42.53 330
1777701409060 42.57 331
1777701433425 42.41 332
1777701457603 42.24 333
1777701481824 42.13 334
1777701506077 42.22 335
1777701530620 42.3 336
1777701554831 42.31 337
1777701579216 42.39 338
1777701603033 41.9 339
1777701627733 41.84 340
1777701651847 41.86 341
1777701676023 41.86 342
1777701700247 41.86 343
1777701724362 44.31 344
1777701748566 44.04 345
1777701772891 44.1 346
1777701797337 44.49 347
1777701821604 44.72 348
1777701845877 44.7 349
1777701870330 44.69 350
1777701894769 44.78 351
1777701919258 44.74 352
1777701943543 44.65 353
1777701968027 44.64 354
1777701992358 44.22 355
1777702016882 44.08 356
1777702041155 44.21 357
1777702065595 44.17 358
1777702090247 44.15 359
1777702114963 44.11 360
1777702139269 44.17 361
1777702163908 44.15 362
1777702188093 44.27 363
1777702212379 44.15 364
1777702236813 44.17 365
1777702261088 43.95 366
1777702285548 43.95 367
1777702309604 43.95 368
1777702333959 44.12 369
1777702358461 44.17 370
1777702382855 44.22 371
1777702406920 44.17 372
1777702431542 43.98 373
1777702455728 44.02 374
1777702479933 44.07 375
1777702504520 44.41 376
1777702529196 44.33 377
1777702553522 44.46 378
1777702577625 44.19 379
1777702601737 44.24 380
1777702626440 44.31 381
1777702651117 44.22 382
1777702675542 44.23 383
1777702699606 44.12 384
1777702723876 43.79 385
1777702748117 41.51 386
1777702772577 41.37 387
1777702796693 40.57 388
1777702821052 40.39 389
1777702845505 40.27 390
1777702870093 40.16 391
1777702894481 40.03 392
1777702919029 39.85 393
1777702943345 39.8 394
1777702967528 39.79 395
1777702991721 39.76 396
1777703016310 39.76 397
1777703040480 39.95 398
1777703064689 39.93 399
1777703089125 39.88 400
1777703113362 40.3 401
1777703137789 40.4 402
1777703162122 40.34 403
1777703186729 40.37 404
1777703210964 40.49 405
1777703235404 40.49 406
1777703259405 40.81 407
1777703283777 40.83 408
1777703308189 41.14 409
1777703332498 40.99 410
1777703356750 41.01 411
1777703381194 41.08 412
1777703405629 41.19 413
1777703429996 41.36 414
1777703454159 41.34 415
1777703478622 41.36 416
1777703502992 41.24 417
1777703527234 41.34 418
1777703551473 41.34 419
1777703575620 41.18 420
1777703600116 41.27 421
1777703624582 41.35 422
1777703648676 41.35 423
1777703673179 41.42 424
1777703697569 41.58 425
1777703721742 41.49 426
1777703746266 41.48 427
1777703770920 41.59 428
1777703795070 41.67 429
1777703819356 41.86 430
1777703843745 42.11 431
1777703867789 42.22 432
1777703891854 42.25 433
1777703915922 42.73 434
1777703940376 42.86 435
1777703964645 42.99 436
1777703988692 43.12 437
1777704013060 43.6 438
1777704037620 43.63 439
1777704061840 43.79 440
1777704086130 43.9 441
1777704110318 43.96 442
1777704134278 44.03 443
1777704158666 43.84 444
1777704183033 43.7 445
1777704207240 43.65 446
1777704231622 43.61 447
1777704256024 43.54 448
1777704280233 43.62 449
1777704304584 43.24 450
1777704329188 43.18 451
1777704353323 42.83 452
1777704377615 42.9 453
1777704402104 42.68 454
1777704426489 42.58 455
1777704451078 42.54 456
1777704475115 42.39 457
1777704499621 42.56 458
1777704523743 42.52 459
1777704547774 42.53 460
1777704571981 42.57 461
1777704596436 42.48 462
1777704620722 42.67 463
1777704644904 42.67 464
1777704669429 42.61 465
1777704694142 42.68 466
1777704718496 42.6 467
1777704742818 42.51 468
1777704767139 42.53 469
1777704791168 42.5 470
1777704816987 42.37 471
