1777693015705 nan 0
1777693039169 -30.924492867427297 1
1777693063440 -124.75676111344141 2
1777693088133 -154.10926314479195 3
1777693111927 -120.91922295678737 4
1777693135512 -99.89857594471327 5
1777693158691 -95.18699686277091 6
1777693182440 -108.1137223090834 7
1777693206300 -103.5286684658637 8
1777693230443 -107.86490362093127 9
1777693254420 -97.38980352633187 10
1777693278806 -106.61368557124393 11
1777693303575 -101.22103556982218 12
1777693328337 -104.66602515842648 13
1777693353429 -111.07277699966772 14
1777693378101 -111.69885092737451 15
1777693403054 -103.65707280555267 16
1777693427955 -103.65707280555267 17
1777693452754 -103.65707280555267 18
1777693477492 -103.65707280555267 19
1777693502516 -103.65707280555267 20
1777693528141 -103.65707280555267 21
1777693554920 -103.65707280555267 22
1777693581225 -103.65707280555267 23
1777693605888 -103.65707280555267 24
1777693630491 -103.65707280555267 25
1777693655617 -178.2963943018837 26
1777693680297 -178.2963943018837 27
1777693705494 -181.1212821661469 28
1777693730144 -181.1212821661469 29
1777693754916 -184.48119784246163 30
1777693779887 -184.48119784246163 31
1777693805313 -191.46389955948388 32
1777693830783 -187.54114523762857 33
1777693856240 -188.99185442812356 34
1777693881542 -179.06518201671676 35
1777693907227 -183.43027825073656 36
1777693932406 -180.79606793481895 37
1777693958054 -177.28894812714256 38
1777693984005 -177.1430034098354 39
1777694009347 -171.55077890633538 40
1777694034450 -171.55077890633538 41
1777694059622 -171.55077890633538 42
1777694084861 -171.55077890633538 43
1777694110163 -171.55077890633538 44
1777694135451 -171.55077890633538 45
1777694160443 -171.55077890633538 46
1777694186210 -197.8607273406452 47
1777694211440 -188.97811599702624 48
1777694236873 -177.8192335570257 49
1777694261909 -165.73012751683876 50
1777694287438 -161.31271689033954 51
1777694313151 -153.19281271448028 52
1777694338937 -148.4895882099337 53
1777694364218 -140.564849782461 54
1777694389471 -131.43770480797156 55
1777694415118 -127.48696757973224 56
1777694440757 -120.51314128765404 57
1777694466328 -122.35535402789445 58
1777694491754 -123.28653923511385 59
1777694517416 -125.39955567135294 60
1777694542480 -125.39955567135294 61
1777694568483 -125.31908441340939 62
1777694594082 -123.0488677125419 63
1777694619721 -116.61963392538067 64
1777694645023 -113.57853688544678 65
1777694670600 -108.55438488846026 66
1777694696514 -103.93234226198328 67
1777694723004 -102.42258140954009 68
1777694748852 -101.12712998925785 69
1777694774389 -97.17992309414527 70
1777694800796 -90.41916819656052 71
1777694826523 -86.48780279238221 72
1777694852429 -83.6218092072137 73
1777694878643 -80.61781186210087 74
1777694904832 -81.26893727656406 75
1777694931148 -78.73193725479236 76
1777694957655 -75.8888047502668 77
1777694983703 -75.53195953645456 78
1777695010324 -72.13251411929758 79
1777695036078 -67.39267542630378 80
1777695061835 -66.24464065358302 81
1777695087519 -63.05662167263804 82
1777695112410 -60.174560300436085 83
1777695137753 -55.053851083030914 84
1777695162703 -52.159956624653915 85
1777695187982 -53.27003594672873 86
1777695213004 -33.89977779216653 87
1777695237965 -27.45497280374896 88
1777695263166 -26.54969472240629 89
1777695288163 -26.743454420126977 90
1777695313409 -25.730035389258102 91
1777695338478 -22.471420527764177 92
1777695363657 -17.984305574125568 93
1777695388605 -20.380965674990726 94
1777695413778 -6.674742512954984 95
1777695439153 -6.8424807242170615 96
1777695464128 -9.401551000601135 97
1777695489444 -7.132323406359748 98
1777695514383 -8.061354735565276 99
1777695539623 -11.042128361110858 100
1777695564734 -9.309655518082819 101
1777695590084 -11.830864049618924 102
1777695615247 -12.744322191674867 103
1777695640323 -13.162975299838862 104
1777695665153 -14.314194502009434 105
1777695690256 -9.01957396766999 106
1777695715202 -8.309211359484289 107
1777695740164 -5.400710943973711 108
1777695765350 -5.842279816733879 109
1777695790601 -8.91756294296776 110
1777695815882 -11.745102470626216 111
1777695840761 -9.895721880137378 112
1777695866140 -8.656237317982459 113
1777695891232 -6.66866699343823 114
1777695916623 -6.554461023706949 115
1777695941611 -14.202209622169018 116
1777695966638 -13.825545117994693 117
1777695992249 -16.48818274472221 118
1777696017391 -16.865912247549304 119
1777696042827 -19.70606087551178 120
1777696068042 -18.872918295475525 121
1777696093484 -15.540678455013131 122
1777696118700 -15.419006137245514 123
1777696143761 -16.031884343024043 124
1777696168922 -16.56700636474739 125
1777696194158 -17.78899279979807 126
1777696219169 -18.96773074266528 127
1777696244352 -23.98717434944244 128
1777696269015 -23.603784096570422 129
1777696294003 -22.082478483764262 130
1777696319169 -21.213576282188736 131
1777696344495 -24.45715203812506 132
1777696369687 -21.533253028679404 133
1777696394912 -18.68593570337192 134
1777696419950 -15.019989981347125 135
1777696444946 -16.15484294034873 136
1777696469886 -16.177673548775218 137
1777696494886 -19.52771811175004 138
1777696519863 -15.975717315567955 139
1777696544717 -16.141872145116064 140
1777696569457 -16.253862154155293 141
1777696594407 -12.304686210842226 142
1777696619277 -12.235994188853375 143
1777696644306 -11.030916497756586 144
1777696669424 -11.540947435844664 145
1777696694405 -14.36623617738977 146
1777696719574 -13.923832636053039 147
1777696744758 -13.934707922684952 148
1777696769772 -11.841972196067168 149
1777696794834 -10.60265325538781 150
1777696819614 -10.839093129021439 151
1777696844622 -12.113256243774028 152
1777696869873 -12.080452003707853 153
1777696894966 -12.053485352020843 154
1777696919775 -16.65596539020446 155
1777696945004 -16.641748551633317 156
1777696970180 -16.523890616741813 157
1777696995465 -16.044115861976433 158
1777697020216 -14.324140964277928 159
1777697045124 -11.410144435473715 160
1777697070440 -14.236119279123143 161
1777697095379 -11.622901992023255 162
1777697120864 -8.708256086899473 163
1777697146419 -7.991707527391181 164
1777697171619 -6.4554528277868926 165
1777697196922 -7.542192697181316 166
1777697222070 -10.116337034113572 167
1777697247208 -10.861727662372063 168
1777697272414 -13.256249500207979 169
1777697298171 -16.968551252536898 170
1777697323474 -17.93330888686303 171
1777697348406 -18.020258473235604 172
1777697373798 -17.45843354935232 173
1777697399067 -22.006697847892042 174
1777697424398 -18.415806634383408 175
1777697449732 -21.006629382935735 176
1777697474881 -21.388361733287738 177
1777697499887 -22.06834930095995 178
1777697525283 -23.23801432161276 179
1777697550695 -26.36620534034828 180
1777697576204 -29.603843385360882 181
1777697601271 -31.995973455683043 182
1777697626133 -34.32485543624159 183
1777697651568 -34.68722867427869 184
1777697676466 -36.287118055010204 185
1777697701722 -33.48772504981336 186
1777697727210 -35.73171134784695 187
1777697752761 -39.80170901905277 188
1777697778729 -40.63301212301849 189
1777697804341 -38.67403684441402 190
1777697830071 -40.1262767823453 191
1777697855639 -36.620486242376906 192
1777697881120 -37.71655387859842 193
1777697906788 -35.875149699174806 194
1777697932121 -36.4742071387109 195
1777697957954 -35.79251594106174 196
1777697983543 -35.553991257236206 197
1777698008838 -33.34942696128733 198
1777698035043 -31.32392635274682 199
1777698061789 -27.64526368415216 200
1777698088407 -24.929415649575994 201
1777698115449 -26.556636322506055 202
1777698142603 -27.71883586689499 203
1777698169667 -27.097648403976503 204
1777698196934 -26.508436589247125 205
1777698224386 -22.82053542682023 206
1777698251917 -22.651868904492513 207
1777698278751 -20.613042524646172 208
1777698305518 -22.93554373388258 209
1777698331728 -24.10185089788794 210
1777698356576 -22.093207988103142 211
1777698382065 -20.61307169949275 212
1777698408710 -19.165214804123185 213
1777698436455 -14.722312242922074 214
1777698463309 -11.118542264361714 215
1777698489303 -8.643680614930908 216
1777698514615 -7.3128137988378725 217
1777698539936 -4.84527228933517 218
1777698564810 -2.60470073261948 219
1777698590274 -5.412097115574021 220
1777698615582 -3.402181601814945 221
1777698641446 -2.4801655733798227 222
1777698667371 -2.8752825119595053 223
1777698693798 -1.5499262140860217 224
1777698720433 -0.16655830554541723 225
1777698747543 2.8327516282365717 226
1777698774359 6.506961935059744 227
1777698801600 10.106573940710803 228
1777698828878 9.371931193072575 229
1777698856137 9.793589853462844 230
1777698883056 14.21625703708612 231
1777698909810 14.714204283000118 232
1777698936526 14.179852345343763 233
1777698963763 11.374250760446657 234
1777698990642 11.531382408889886 235
1777699017262 11.29056173979133 236
1777699043867 9.660446630155416 237
1777699070178 8.519384300217157 238
1777699095812 6.416539726843365 239
1777699122130 5.389503934237421 240
1777699149088 6.678082424255796 241
1777699175608 5.103346487940896 242
1777699202645 4.924595785026984 243
1777699229289 6.738448387003807 244
1777699256152 5.833031894245582 245
1777699283091 5.291511724620258 246
1777699309694 4.245933789487175 247
1777699336319 1.104986246757846 248
1777699363521 0.18893861334019238 249
1777699390103 -4.591503461524605 250
1777699414899 -4.834270476796153 251
1777699439983 -7.312376019569786 252
1777699464832 -9.696485446496101 253
1777699489860 -14.86909981406096 254
1777699514989 -12.909802441828615 255
1777699539725 -13.607220511230393 256
1777699564615 -13.319975010250328 257
1777699589384 -14.268240763601415 258
1777699614221 -13.018331308204289 259
1777699639148 -15.352889596759104 260
1777699664928 -17.77060579431859 261
1777699691035 -16.71517026644369 262
1777699717024 -14.505829989228769 263
1777699742044 -15.462897538339849 264
1777699767602 -13.852316416720978 265
1777699793022 -15.315285562665393 266
1777699818668 -13.33257111325864 267
1777699844327 -14.093265334415001 268
1777699869963 -15.183537472688608 269
1777699895722 -17.327353758943392 270
1777699921689 -14.224599142382807 271
1777699948224 -14.443718753754183 272
1777699974115 -16.671530863383552 273
1777700000287 -18.976776334642032 274
1777700026205 -16.62749121451555 275
1777700051678 -11.271311068345044 276
1777700076938 -9.898560078289739 277
1777700101996 -9.204906653735797 278
1777700127362 -6.033425630228759 279
1777700152848 -6.564301011453303 280
1777700177950 -4.394089041114475 281
1777700202974 -4.567378787478375 282
1777700227587 -3.0649371333191002 283
1777700253247 -4.379932658043244 284
1777700279429 -9.251732585734606 285
1777700305642 -8.986380995314372 286
1777700331505 -9.435424878478903 287
1777700356690 -12.143332887231722 288
1777700381608 -10.704345394981372 289
1777700406836 -6.542087898918233 290
1777700432153 -8.770711491238549 291
1777700457028 -4.701369487868224 292
1777700481819 -6.8445639887494725 293
1777700506614 -1.9364402077129617 294
1777700531190 0.9774407898203308 295
1777700555694 4.19062222956248 296
1777700580088 4.464123279599673 297
1777700604425 4.963586877398921 298
1777700628488 4.939133403388517 299
1777700653142 3.3213171570049194 300
1777700677205 4.122280962952509 301
1777700701935 3.074082698270891 302
1777700726637 6.654818513256071 303
1777700751224 7.788264577712623 304
1777700775353 7.305687217150092 305
1777700799838 7.061651111242798 306
1777700824071 8.704711792554324 307
1777700848632 10.633577242269991 308
1777700872875 8.621582138761367 309
1777700897051 10.60475355946216 310
1777700921299 9.557382222067638 311
1777700945346 10.771501000290623 312
1777700969872 11.072881589748055 313
1777700994227 7.097392894020715 314
1777701018791 7.222940247456853 315
1777701043276 9.135083941789034 316
1777701067506 9.863775814541748 317
1777701092141 7.745704082370176 318
1777701116589 7.303493793030367 319
1777701141028 5.638347819650537 320
1777701165399 4.182328142532932 321
1777701189485 6.484677100868297 322
1777701214098 7.814997584651868 323
1777701238295 5.6193876590682645 324
1777701262861 6.9899383125307715 325
1777701287082 8.31659716753243 326
1777701311395 11.941963674018535 327
1777701335616 14.54784107878782 328
1777701360013 16.85349649779445 329
1777701384588 16.765517585463257 330
1777701409060 14.568158964306189 331
1777701433425 11.44973214888447 332
1777701457603 13.812512413403212 333
1777701481824 15.135856530381949 334
1777701506077 15.560484677209967 335
1777701530620 17.5848556681616 336
1777701554831 17.47318763257252 337
1777701579216 15.883884154381057 338
1777701603033 15.169349710330536 339
1777701627733 15.310296799327425 340
1777701651847 15.22497496257035 341
1777701676023 15.22497496257035 342
1777701700247 15.22497496257035 343
1777701724362 10.340980852093661 344
1777701748566 10.55902162812395 345
1777701772891 10.476842980162823 346
1777701797337 9.555370945518167 347
1777701821604 10.073276417705111 348
1777701845877 8.73683584084373 349
1777701870330 9.802554618332868 350
1777701894769 9.72577434855503 351
1777701919258 6.149658185931493 352
1777701943543 8.072586419870058 353
1777701968027 9.783549794951664 354
1777701992358 8.179463920469495 355
1777702016882 8.21957331531477 356
1777702041155 10.338049642491269 357
1777702065595 15.184440506429462 358
1777702090247 15.28384391656651 359
1777702114963 14.702040274140781 360
1777702139269 15.522316850375933 361
1777702163908 9.727098424763808 362
1777702188093 11.027607481523562 363
1777702212379 10.070928108749891 364
1777702236813 11.65406384907909 365
1777702261088 11.669925175181014 366
1777702285548 11.700508343724819 367
1777702309604 10.453293997328974 368
1777702333959 6.0546933202459865 369
1777702358461 6.791638683127782 370
1777702382855 3.5794738150926833 371
1777702406920 1.0628310264105585 372
1777702431542 -2.410779032944469 373
1777702455728 -1.6843470339875308 374
1777702479933 0.7231819643267172 375
1777702504520 -1.178828587869019 376
1777702529196 -2.56494722953003 377
1777702553522 -6.399161053227832 378
1777702577625 -7.139730102181636 379
1777702601737 -6.372870013388492 380
1777702626440 -6.512500211200466 381
1777702651117 -6.685546283893486 382
1777702675542 -6.368429845821574 383
1777702699606 -8.94994310653006 384
1777702723876 -9.092253635402097 385
1777702748117 -3.279633171976613 386
1777702772577 -1.5978218460556652 387
1777702796693 -5.423840330663519 388
1777702821052 -4.668746266742869 389
1777702845505 -3.4807534267144575 390
1777702870093 -2.8838659664069803 391
1777702894481 0.13551648397687388 392
1777702919029 -2.175448313989815 393
1777702943345 -2.5120138329581683 394
1777702967528 -1.4798481888333976 395
1777702991721 -3.695283292133816 396
1777703016310 -4.577714907700533 397
1777703040480 -5.686168883724758 398
1777703064689 -5.272363345119062 399
1777703089125 -5.889047917265231 400
1777703113362 -4.947501134046347 401
1777703137789 -1.6574509946311227 402
1777703162122 1.3598212568809263 403
1777703186729 1.8178816927706194 404
1777703210964 4.400103205860497 405
1777703235404 2.7926727334513464 406
1777703259405 -0.10774523205384184 407
1777703283777 -0.719944284971985 408
1777703308189 2.3230265490956836 409
1777703332498 4.56612003415971 410
1777703356750 3.198039075747608 411
1777703381194 6.339066233504658 412
1777703405629 5.37582434011216 413
1777703429996 6.831216377403374 414
1777703454159 8.324837706159324 415
1777703478622 9.211709081793042 416
1777703502992 11.18619550901454 417
1777703527234 12.923553489484494 418
1777703551473 12.439715603082393 419
1777703575620 10.090075726250712 420
1777703600116 12.162672147159014 421
1777703624582 9.922730674960972 422
1777703648676 9.26155488721888 423
1777703673179 11.27753589819735 424
1777703697569 10.607147134372106 425
1777703721742 11.798917261075557 426
1777703746266 11.200983699105263 427
1777703770920 7.634952543341584 428
1777703795070 10.208768223056872 429
1777703819356 9.637945572276847 430
1777703843745 10.021838930454699 431
1777703867789 11.172527531840426 432
1777703891854 7.076977202393336 433
1777703915922 3.61898175154705 434
1777703940376 1.8613411725402704 435
1777703964645 4.597651709575979 436
1777703988692 4.362574785230201 437
1777704013060 5.414800806615546 438
1777704037620 4.92133747606475 439
1777704061840 6.200942010787982 440
1777704086130 3.678279737447945 441
1777704110318 6.270658383626008 442
1777704134278 4.710463233930533 443
1777704158666 4.345764840265104 444
1777704183033 3.841199790644063 445
1777704207240 4.242979114178478 446
1777704231622 4.075431126448993 447
1777704256024 -0.6659833049242113 448
1777704280233 -1.4825674767884889 449
1777704304584 -0.6542956545892408 450
1777704329188 -0.07457670929110777 451
1777704353323 2.877803390929247 452
1777704377615 3.713574403266753 453
1777704402104 2.852107912293942 454
1777704426489 1.7759977887801381 455
1777704451078 4.137522169509831 456
1777704475115 0.5409581429639511 457
1777704499621 1.5607459344384171 458
1777704523743 -3.2601767422004353 459
1777704547774 -3.6428829137292293 460
1777704571981 -3.319592801175404 461
1777704596436 -4.0839699833530325 462
1777704620722 -2.0155659252216616 463
1777704644904 -1.736340018694742 464
1777704669429 -0.1958749397024138 465
1777704694142 -0.5935101133323708 466
1777704718496 -1.897352427606308 467
1777704742818 -1.2654797169024787 468
1777704767139 -1.7494960925332614 469
1777704791168 3.7798712139776716 470
1777704816987 3.8494636875034303 471
