1777693015705 nan 0
1777693039169 -30.924492867427297 1
1777693063440 -218.58902935945554 2
1777693088133 -218.58902935945554 3
1777693111927 -218.58902935945554 4
1777693135512 -218.58902935945554 5
1777693158691 -218.58902935945554 6
1777693182440 -218.58902935945554 7
1777693206300 -218.58902935945554 8
1777693230443 -218.58902935945554 9
1777693254420 -218.58902935945554 10
1777693278806 -218.58902935945554 11
1777693303575 -218.58902935945554 12
1777693328337 -218.58902935945554 13
1777693353429 -218.58902935945554 14
1777693378101 -218.58902935945554 15
1777693403054 -218.58902935945554 16
1777693427955 -218.58902935945554 17
1777693452754 -218.58902935945554 18
1777693477492 -218.58902935945554 19
1777693502516 -218.58902935945554 20
1777693528141 -218.58902935945554 21
1777693554920 -218.58902935945554 22
1777693581225 -218.58902935945554 23
1777693605888 -218.58902935945554 24
1777693630491 -218.58902935945554 25
1777693655617 -1521.8041812358422 26
1777693680297 -1521.8041812358422 27
1777693705494 -1521.8041812358422 28
1777693730144 -1521.8041812358422 29
1777693754916 -1521.8041812358422 30
1777693779887 -1521.8041812358422 31
1777693805313 -1521.8041812358422 32
1777693830783 -1521.8041812358422 33
1777693856240 -1521.8041812358422 34
1777693881542 -1521.8041812358422 35
1777693907227 -1521.8041812358422 36
1777693932406 -1521.8041812358422 37
1777693958054 -1521.8041812358422 38
1777693984005 -1521.8041812358422 39
1777694009347 -1521.8041812358422 40
1777694034450 -1521.8041812358422 41
1777694059622 -1521.8041812358422 42
1777694084861 -1521.8041812358422 43
1777694110163 -1521.8041812358422 44
1777694135451 -1521.8041812358422 45
1777694160443 -1521.8041812358422 46
1777694186210 -1521.8041812358422 47
1777694211440 -1521.8041812358422 48
1777694236873 -1521.8041812358422 49
1777694261909 -1521.8041812358422 50
1777694287438 -1521.8041812358422 51
1777694313151 -1521.8041812358422 52
1777694338937 -1521.8041812358422 53
1777694364218 -1521.8041812358422 54
1777694389471 -1521.8041812358422 55
1777694415118 -1521.8041812358422 56
1777694440757 -1521.8041812358422 57
1777694466328 -1521.8041812358422 58
1777694491754 -1521.8041812358422 59
1777694517416 -1521.8041812358422 60
1777694542480 -1521.8041812358422 61
1777694568483 -1521.8041812358422 62
1777694594082 -1521.8041812358422 63
1777694619721 -1521.8041812358422 64
1777694645023 -1521.8041812358422 65
1777694670600 -1521.8041812358422 66
1777694696514 -1521.8041812358422 67
1777694723004 -1521.8041812358422 68
1777694748852 -1521.8041812358422 69
1777694774389 -1521.8041812358422 70
1777694800796 -1521.8041812358422 71
1777694826523 -1521.8041812358422 72
1777694852429 -1521.8041812358422 73
1777694878643 -1521.8041812358422 74
1777694904832 -1521.8041812358422 75
1777694931148 -1521.8041812358422 76
1777694957655 -1521.8041812358422 77
1777694983703 -1521.8041812358422 78
1777695010324 -1521.8041812358422 79
1777695036078 -1521.8041812358422 80
1777695061835 -1521.8041812358422 81
1777695087519 -1521.8041812358422 82
1777695112410 -1521.8041812358422 83
1777695137753 -1521.8041812358422 84
1777695162703 -1521.8041812358422 85
1777695187982 -1521.8041812358422 86
1777695213004 -1066.0890256728694 87
1777695237965 -1066.0890256728694 88
1777695263166 -1066.0890256728694 89
1777695288163 -1066.0890256728694 90
1777695313409 -1066.0890256728694 91
1777695338478 -1066.0890256728694 92
1777695363657 -1066.0890256728694 93
1777695388605 -1066.0890256728694 94
1777695413778 -232.26560488085 95
1777695439153 -232.26560488085 96
1777695464128 -232.26560488085 97
1777695489444 -232.26560488085 98
1777695514383 -232.26560488085 99
1777695539623 -232.26560488085 100
1777695564734 -232.26560488085 101
1777695590084 -232.26560488085 102
1777695615247 -232.26560488085 103
1777695640323 -232.26560488085 104
1777695665153 -232.26560488085 105
1777695690256 -232.26560488085 106
1777695715202 -232.26560488085 107
1777695740164 -232.26560488085 108
1777695765350 -232.26560488085 109
1777695790601 -232.26560488085 110
1777695815882 -232.26560488085 111
1777695840761 -232.26560488085 112
1777695866140 -232.26560488085 113
1777695891232 -232.26560488085 114
1777695916623 -232.26560488085 115
1777695941611 -232.26560488085 116
1777695966638 -232.26560488085 117
1777695992249 -232.26560488085 118
1777696017391 -232.26560488085 119
1777696042827 -232.26560488085 120
1777696068042 -232.26560488085 121
1777696093484 -232.26560488085 122
1777696118700 -232.26560488085 123
1777696143761 -232.26560488085 124
1777696168922 -232.26560488085 125
1777696194158 -232.26560488085 126
1777696219169 -232.26560488085 127
1777696244352 -232.26560488085 128
1777696269015 -232.26560488085 129
1777696294003 -232.26560488085 130
1777696319169 -232.26560488085 131
1777696344495 -232.26560488085 132
1777696369687 -232.26560488085 133
1777696394912 -232.26560488085 134
1777696419950 -232.26560488085 135
1777696444946 -232.26560488085 136
1777696469886 -231.6301547200673 137
1777696494886 -231.6301547200673 138
1777696519863 -214.80380275921087 139
1777696544717 -214.80380275921087 140
1777696569457 -214.80380275921087 141
1777696594407 -214.80380275921087 142
1777696619277 -214.80380275921087 143
1777696644306 -214.80380275921087 144
1777696669424 -214.80380275921087 145
1777696694405 -214.80380275921087 146
1777696719574 -214.80380275921087 147
1777696744758 -214.80380275921087 148
1777696769772 -214.80380275921087 149
1777696794834 -214.80380275921087 150
1777696819614 -214.80380275921087 151
1777696844622 -214.80380275921087 152
1777696869873 -214.80380275921087 153
1777696894966 -214.80380275921087 154
1777696919775 -218.60042329167638 155
1777696945004 -218.60042329167638 156
1777696970180 -218.60042329167638 157
1777696995465 -218.60042329167638 158
1777697020216 -218.60042329167638 159
1777697045124 -218.60042329167638 160
1777697070440 -218.60042329167638 161
1777697095379 -218.60042329167638 162
1777697120864 -218.60042329167638 163
1777697146419 -218.60042329167638 164
1777697171619 -218.60042329167638 165
1777697196922 -218.60042329167638 166
1777697222070 -218.60042329167638 167
1777697247208 -225.26632149030092 168
1777697272414 -225.26632149030092 169
1777697298171 -225.26632149030092 170
1777697323474 -225.26632149030092 171
1777697348406 -225.26632149030092 172
1777697373798 -225.26632149030092 173
1777697399067 -225.26632149030092 174
1777697424398 -225.26632149030092 175
1777697449732 -225.26632149030092 176
1777697474881 -225.26632149030092 177
1777697499887 -225.26632149030092 178
1777697525283 -225.26632149030092 179
1777697550695 -225.26632149030092 180
1777697576204 -225.26632149030092 181
1777697601271 -225.26632149030092 182
1777697626133 -225.26632149030092 183
1777697651568 -225.26632149030092 184
1777697676466 -225.26632149030092 185
1777697701722 -225.26632149030092 186
1777697727210 -225.26632149030092 187
1777697752761 -225.26632149030092 188
1777697778729 -225.26632149030092 189
1777697804341 -225.26632149030092 190
1777697830071 -225.26632149030092 191
1777697855639 -225.26632149030092 192
1777697881120 -225.26632149030092 193
1777697906788 -225.26632149030092 194
1777697932121 -225.26632149030092 195
1777697957954 -225.26632149030092 196
1777697983543 -225.26632149030092 197
1777698008838 -225.26632149030092 198
1777698035043 -225.26632149030092 199
1777698061789 -225.26632149030092 200
1777698088407 -225.26632149030092 201
1777698115449 -225.26632149030092 202
1777698142603 -225.26632149030092 203
1777698169667 -225.26632149030092 204
1777698196934 -225.26632149030092 205
1777698224386 -225.26632149030092 206
1777698251917 -225.26632149030092 207
1777698278751 -225.26632149030092 208
1777698305518 -225.26632149030092 209
1777698331728 -225.26632149030092 210
1777698356576 -225.26632149030092 211
1777698382065 -225.26632149030092 212
1777698408710 -197.23403363405612 213
1777698436455 -197.23403363405612 214
1777698463309 -197.23403363405612 215
1777698489303 -197.23403363405612 216
1777698514615 -197.23403363405612 217
1777698539936 -197.23403363405612 218
1777698564810 -197.23403363405612 219
1777698590274 -197.23403363405612 220
1777698615582 -197.23403363405612 221
1777698641446 -197.23403363405612 222
1777698667371 -197.23403363405612 223
1777698693798 -197.23403363405612 224
1777698720433 -197.23403363405612 225
1777698747543 -197.23403363405612 226
1777698774359 -197.23403363405612 227
1777698801600 -197.23403363405612 228
1777698828878 -197.23403363405612 229
1777698856137 -197.23403363405612 230
1777698883056 -197.23403363405612 231
1777698909810 -197.23403363405612 232
1777698936526 -197.23403363405612 233
1777698963763 -197.23403363405612 234
1777698990642 -197.23403363405612 235
1777699017262 -180.13129452024037 236
1777699043867 -180.13129452024037 237
1777699070178 -180.13129452024037 238
1777699095812 -180.13129452024037 239
1777699122130 -180.13129452024037 240
1777699149088 -180.13129452024037 241
1777699175608 -180.13129452024037 242
1777699202645 -180.13129452024037 243
1777699229289 -179.26427540672944 244
1777699256152 -179.26427540672944 245
1777699283091 -179.26427540672944 246
1777699309694 -179.26427540672944 247
1777699336319 -179.26427540672944 248
1777699363521 -179.26427540672944 249
1777699390103 -179.26427540672944 250
1777699414899 -179.26427540672944 251
1777699439983 -196.83532305245538 252
1777699464832 -196.83532305245538 253
1777699489860 -196.83532305245538 254
1777699514989 -196.83532305245538 255
1777699539725 -196.83532305245538 256
1777699564615 -196.83532305245538 257
1777699589384 -196.83532305245538 258
1777699614221 -196.83532305245538 259
1777699639148 -196.83532305245538 260
1777699664928 -196.83532305245538 261
1777699691035 -196.83532305245538 262
1777699717024 -196.83532305245538 263
1777699742044 -196.83532305245538 264
1777699767602 -196.83532305245538 265
1777699793022 -196.83532305245538 266
1777699818668 -196.83532305245538 267
1777699844327 -196.83532305245538 268
1777699869963 -196.83532305245538 269
1777699895722 -207.68974293977618 270
1777699921689 -207.68974293977618 271
1777699948224 -207.68974293977618 272
1777699974115 -207.68974293977618 273
1777700000287 -207.68974293977618 274
1777700026205 -207.68974293977618 275
1777700051678 -207.68974293977618 276
1777700076938 -207.68974293977618 277
1777700101996 -207.68974293977618 278
1777700127362 -207.68974293977618 279
1777700152848 -209.6080713412096 280
1777700177950 -209.6080713412096 281
1777700202974 -209.6080713412096 282
1777700227587 -209.6080713412096 283
1777700253247 -209.6080713412096 284
1777700279429 -246.2221138216503 285
1777700305642 -246.2221138216503 286
1777700331505 -246.2221138216503 287
1777700356690 -246.2221138216503 288
1777700381608 -246.2221138216503 289
1777700406836 -246.2221138216503 290
1777700432153 -246.2221138216503 291
1777700457028 -246.2221138216503 292
1777700481819 -246.2221138216503 293
1777700506614 -246.2221138216503 294
1777700531190 -246.2221138216503 295
1777700555694 -246.2221138216503 296
1777700580088 -246.2221138216503 297
1777700604425 -246.2221138216503 298
1777700628488 -246.2221138216503 299
1777700653142 -246.2221138216503 300
1777700677205 -246.2221138216503 301
1777700701935 -246.2221138216503 302
1777700726637 -246.2221138216503 303
1777700751224 -246.2221138216503 304
1777700775353 -246.2221138216503 305
1777700799838 -246.2221138216503 306
1777700824071 -246.2221138216503 307
1777700848632 -246.2221138216503 308
1777700872875 -246.2221138216503 309
1777700897051 -246.2221138216503 310
1777700921299 -246.2221138216503 311
1777700945346 -246.2221138216503 312
1777700969872 -246.2221138216503 313
1777700994227 -246.2221138216503 314
1777701018791 -246.2221138216503 315
1777701043276 -246.2221138216503 316
1777701067506 -246.2221138216503 317
1777701092141 -246.2221138216503 318
1777701116589 -246.2221138216503 319
1777701141028 -246.2221138216503 320
1777701165399 -246.2221138216503 321
1777701189485 -246.2221138216503 322
1777701214098 -246.2221138216503 323
1777701238295 -246.2221138216503 324
1777701262861 -246.2221138216503 325
1777701287082 -246.2221138216503 326
1777701311395 -183.43691665299653 327
1777701335616 -183.43691665299653 328
1777701360013 -183.43691665299653 329
1777701384588 -183.43691665299653 330
1777701409060 -209.99909679195858 331
1777701433425 -209.99909679195858 332
1777701457603 -209.99909679195858 333
1777701481824 -209.99909679195858 334
1777701506077 -209.99909679195858 335
1777701530620 -209.99909679195858 336
1777701554831 -209.99909679195858 337
1777701579216 -209.99909679195858 338
1777701603033 -209.99909679195858 339
1777701627733 -209.99909679195858 340
1777701651847 -209.99909679195858 341
1777701676023 -209.99909679195858 342
1777701700247 -209.99909679195858 343
1777701724362 -312.82359336079213 344
1777701748566 -312.82359336079213 345
1777701772891 -312.82359336079213 346
1777701797337 -312.82359336079213 347
1777701821604 -312.82359336079213 348
1777701845877 -312.82359336079213 349
1777701870330 -312.82359336079213 350
1777701894769 -312.82359336079213 351
1777701919258 -312.82359336079213 352
1777701943543 -312.82359336079213 353
1777701968027 -312.82359336079213 354
1777701992358 -312.82359336079213 355
1777702016882 -312.82359336079213 356
1777702041155 -312.82359336079213 357
1777702065595 -312.82359336079213 358
1777702090247 -312.82359336079213 359
1777702114963 -312.82359336079213 360
1777702139269 -312.82359336079213 361
1777702163908 -312.82359336079213 362
1777702188093 -312.82359336079213 363
1777702212379 -312.82359336079213 364
1777702236813 -312.82359336079213 365
1777702261088 -312.82359336079213 366
1777702285548 -312.82359336079213 367
1777702309604 -312.82359336079213 368
1777702333959 -312.82359336079213 369
1777702358461 -312.82359336079213 370
1777702382855 -312.82359336079213 371
1777702406920 -312.82359336079213 372
1777702431542 -312.82359336079213 373
1777702455728 -312.82359336079213 374
1777702479933 -312.82359336079213 375
1777702504520 -312.82359336079213 376
1777702529196 -312.82359336079213 377
1777702553522 -312.82359336079213 378
1777702577625 -312.82359336079213 379
1777702601737 -312.82359336079213 380
1777702626440 -312.82359336079213 381
1777702651117 -312.82359336079213 382
1777702675542 -312.82359336079213 383
1777702699606 -312.82359336079213 384
1777702723876 -312.82359336079213 385
1777702748117 -209.88599357544084 386
1777702772577 -209.88599357544084 387
1777702796693 -209.88599357544084 388
1777702821052 -209.88599357544084 389
1777702845505 -209.88599357544084 390
1777702870093 -209.88599357544084 391
1777702894481 -209.88599357544084 392
1777702919029 -209.88599357544084 393
1777702943345 -209.88599357544084 394
1777702967528 -209.88599357544084 395
1777702991721 -209.88599357544084 396
1777703016310 -209.88599357544084 397
1777703040480 -209.88599357544084 398
1777703064689 -209.88599357544084 399
1777703089125 -209.88599357544084 400
1777703113362 -209.88599357544084 401
1777703137789 -209.88599357544084 402
1777703162122 -209.88599357544084 403
1777703186729 -209.88599357544084 404
1777703210964 -209.88599357544084 405
1777703235404 -209.88599357544084 406
1777703259405 -209.88599357544084 407
1777703283777 -209.88599357544084 408
1777703308189 -209.88599357544084 409
1777703332498 -209.88599357544084 410
1777703356750 -209.88599357544084 411
1777703381194 -209.88599357544084 412
1777703405629 -209.88599357544084 413
1777703429996 -209.88599357544084 414
1777703454159 -209.88599357544084 415
1777703478622 -209.88599357544084 416
1777703502992 -209.88599357544084 417
1777703527234 -209.88599357544084 418
1777703551473 -209.88599357544084 419
1777703575620 -209.88599357544084 420
1777703600116 -209.88599357544084 421
1777703624582 -209.88599357544084 422
1777703648676 -209.88599357544084 423
1777703673179 -209.88599357544084 424
1777703697569 -209.88599357544084 425
1777703721742 -185.55086457077275 426
1777703746266 -185.55086457077275 427
1777703770920 -185.55086457077275 428
1777703795070 -185.55086457077275 429
1777703819356 -185.55086457077275 430
1777703843745 -185.55086457077275 431
1777703867789 -185.55086457077275 432
1777703891854 -185.55086457077275 433
1777703915922 -190.6701920199127 434
1777703940376 -190.6701920199127 435
1777703964645 -190.6701920199127 436
1777703988692 -190.6701920199127 437
1777704013060 -190.6701920199127 438
1777704037620 -190.6701920199127 439
1777704061840 -190.6701920199127 440
1777704086130 -190.6701920199127 441
1777704110318 -190.6701920199127 442
1777704134278 -190.6701920199127 443
1777704158666 -190.6701920199127 444
1777704183033 -190.6701920199127 445
1777704207240 -190.6701920199127 446
1777704231622 -190.6701920199127 447
1777704256024 -190.6701920199127 448
1777704280233 -190.6701920199127 449
1777704304584 -190.6701920199127 450
1777704329188 -190.6701920199127 451
1777704353323 -190.6701920199127 452
1777704377615 -190.6701920199127 453
1777704402104 -190.6701920199127 454
1777704426489 -190.6701920199127 455
1777704451078 -190.6701920199127 456
1777704475115 -190.6701920199127 457
1777704499621 -190.6701920199127 458
1777704523743 -190.6701920199127 459
1777704547774 -190.6701920199127 460
1777704571981 -190.6701920199127 461
1777704596436 -190.6701920199127 462
1777704620722 -190.6701920199127 463
1777704644904 -190.6701920199127 464
1777704669429 -190.6701920199127 465
1777704694142 -190.6701920199127 466
1777704718496 -190.6701920199127 467
1777704742818 -190.6701920199127 468
1777704767139 -190.6701920199127 469
1777704791168 -190.6701920199127 470
1777704816987 -190.6701920199127 471
