1777693015705 nan 0
1777693039169 -30.924492867427297 1
1777693063440 -30.924492867427297 2
1777693088133 -30.924492867427297 3
1777693111927 11.840937795230928 4
1777693135512 11.840937795230928 5
1777693158691 11.840937795230928 6
1777693182440 11.840937795230928 7
1777693206300 11.840937795230928 8
1777693230443 11.840937795230928 9
1777693254420 11.840937795230928 10
1777693278806 11.840937795230928 11
1777693303575 11.840937795230928 12
1777693328337 11.840937795230928 13
1777693353429 11.840937795230928 14
1777693378101 11.840937795230928 15
1777693403054 33.053155265418525 16
1777693427955 33.053155265418525 17
1777693452754 33.053155265418525 18
1777693477492 33.053155265418525 19
1777693502516 33.053155265418525 20
1777693528141 33.053155265418525 21
1777693554920 33.053155265418525 22
1777693581225 33.053155265418525 23
1777693605888 33.053155265418525 24
1777693630491 33.053155265418525 25
1777693655617 33.053155265418525 26
1777693680297 33.053155265418525 27
1777693705494 33.053155265418525 28
1777693730144 33.053155265418525 29
1777693754916 33.053155265418525 30
1777693779887 33.053155265418525 31
1777693805313 33.053155265418525 32
1777693830783 33.053155265418525 33
1777693856240 33.053155265418525 34
1777693881542 59.174955857046534 35
1777693907227 59.174955857046534 36
1777693932406 59.174955857046534 37
1777693958054 59.174955857046534 38
1777693984005 59.174955857046534 39
1777694009347 59.174955857046534 40
1777694034450 59.174955857046534 41
1777694059622 59.174955857046534 42
1777694084861 59.174955857046534 43
1777694110163 59.174955857046534 44
1777694135451 59.174955857046534 45
1777694160443 59.174955857046534 46
1777694186210 59.174955857046534 47
1777694211440 99.84580730062795 48
1777694236873 99.84580730062795 49
1777694261909 99.84580730062795 50
1777694287438 99.84580730062795 51
1777694313151 99.84580730062795 52
1777694338937 109.76907072017602 53
1777694364218 109.76907072017602 54
1777694389471 111.17779765649249 55
1777694415118 111.17779765649249 56
1777694440757 111.17779765649249 57
1777694466328 111.17779765649249 58
1777694491754 111.17779765649249 59
1777694517416 111.17779765649249 60
1777694542480 111.17779765649249 61
1777694568483 111.17779765649249 62
1777694594082 111.17779765649249 63
1777694619721 111.17779765649249 64
1777694645023 111.17779765649249 65
1777694670600 111.17779765649249 66
1777694696514 111.17779765649249 67
1777694723004 111.17779765649249 68
1777694748852 111.17779765649249 69
1777694774389 111.17779765649249 70
1777694800796 111.17779765649249 71
1777694826523 111.17779765649249 72
1777694852429 111.17779765649249 73
1777694878643 111.17779765649249 74
1777694904832 111.17779765649249 75
1777694931148 111.17779765649249 76
1777694957655 111.17779765649249 77
1777694983703 111.17779765649249 78
1777695010324 111.17779765649249 79
1777695036078 111.17779765649249 80
1777695061835 111.17779765649249 81
1777695087519 111.17779765649249 82
1777695112410 111.17779765649249 83
1777695137753 119.92195662944219 84
1777695162703 119.92195662944219 85
1777695187982 119.92195662944219 86
1777695213004 119.92195662944219 87
1777695237965 119.92195662944219 88
1777695263166 119.92195662944219 89
1777695288163 119.92195662944219 90
1777695313409 119.92195662944219 91
1777695338478 119.92195662944219 92
1777695363657 119.92195662944219 93
1777695388605 119.92195662944219 94
1777695413778 119.92195662944219 95
1777695439153 119.92195662944219 96
1777695464128 119.92195662944219 97
1777695489444 119.92195662944219 98
1777695514383 119.92195662944219 99
1777695539623 119.92195662944219 100
1777695564734 119.92195662944219 101
1777695590084 119.92195662944219 102
1777695615247 119.92195662944219 103
1777695640323 119.92195662944219 104
1777695665153 119.92195662944219 105
1777695690256 119.92195662944219 106
1777695715202 119.92195662944219 107
1777695740164 119.92195662944219 108
1777695765350 119.92195662944219 109
1777695790601 119.92195662944219 110
1777695815882 119.92195662944219 111
1777695840761 119.92195662944219 112
1777695866140 119.92195662944219 113
1777695891232 119.92195662944219 114
1777695916623 119.92195662944219 115
1777695941611 119.92195662944219 116
1777695966638 119.92195662944219 117
1777695992249 119.92195662944219 118
1777696017391 119.92195662944219 119
1777696042827 119.92195662944219 120
1777696068042 119.92195662944219 121
1777696093484 120.5045898539754 122
1777696118700 120.5045898539754 123
1777696143761 120.5045898539754 124
1777696168922 120.5045898539754 125
1777696194158 120.5045898539754 126
1777696219169 120.5045898539754 127
1777696244352 120.5045898539754 128
1777696269015 120.5045898539754 129
1777696294003 120.5045898539754 130
1777696319169 120.5045898539754 131
1777696344495 120.5045898539754 132
1777696369687 120.5045898539754 133
1777696394912 120.5045898539754 134
1777696419950 120.5045898539754 135
1777696444946 120.5045898539754 136
1777696469886 120.5045898539754 137
1777696494886 120.5045898539754 138
1777696519863 120.5045898539754 139
1777696544717 120.5045898539754 140
1777696569457 120.5045898539754 141
1777696594407 120.5045898539754 142
1777696619277 120.5045898539754 143
1777696644306 120.5045898539754 144
1777696669424 120.5045898539754 145
1777696694405 120.5045898539754 146
1777696719574 120.5045898539754 147
1777696744758 120.5045898539754 148
1777696769772 120.5045898539754 149
1777696794834 120.5045898539754 150
1777696819614 120.5045898539754 151
1777696844622 120.5045898539754 152
1777696869873 120.5045898539754 153
1777696894966 120.5045898539754 154
1777696919775 120.5045898539754 155
1777696945004 120.5045898539754 156
1777696970180 120.5045898539754 157
1777696995465 120.5045898539754 158
1777697020216 120.5045898539754 159
1777697045124 120.5045898539754 160
1777697070440 120.5045898539754 161
1777697095379 120.5045898539754 162
1777697120864 120.5045898539754 163
1777697146419 120.5045898539754 164
1777697171619 120.5045898539754 165
1777697196922 112.20557335197105 166
1777697222070 112.20557335197105 167
1777697247208 112.20557335197105 168
1777697272414 112.20557335197105 169
1777697298171 112.20557335197105 170
1777697323474 112.20557335197105 171
1777697348406 112.20557335197105 172
1777697373798 112.20557335197105 173
1777697399067 112.20557335197105 174
1777697424398 112.20557335197105 175
1777697449732 112.20557335197105 176
1777697474881 112.20557335197105 177
1777697499887 112.20557335197105 178
1777697525283 112.20557335197105 179
1777697550695 112.20557335197105 180
1777697576204 112.20557335197105 181
1777697601271 112.20557335197105 182
1777697626133 112.20557335197105 183
1777697651568 112.20557335197105 184
1777697676466 112.20557335197105 185
1777697701722 112.20557335197105 186
1777697727210 112.20557335197105 187
1777697752761 112.20557335197105 188
1777697778729 112.20557335197105 189
1777697804341 112.20557335197105 190
1777697830071 112.20557335197105 191
1777697855639 112.20557335197105 192
1777697881120 112.20557335197105 193
1777697906788 112.20557335197105 194
1777697932121 112.20557335197105 195
1777697957954 112.20557335197105 196
1777697983543 112.20557335197105 197
1777698008838 112.20557335197105 198
1777698035043 112.20557335197105 199
1777698061789 115.39178687636394 200
1777698088407 115.39178687636394 201
1777698115449 115.39178687636394 202
1777698142603 115.39178687636394 203
1777698169667 115.39178687636394 204
1777698196934 115.39178687636394 205
1777698224386 115.39178687636394 206
1777698251917 115.39178687636394 207
1777698278751 115.39178687636394 208
1777698305518 115.39178687636394 209
1777698331728 115.39178687636394 210
1777698356576 115.39178687636394 211
1777698382065 118.82142288951208 212
1777698408710 118.82142288951208 213
1777698436455 118.82142288951208 214
1777698463309 118.82142288951208 215
1777698489303 118.82142288951208 216
1777698514615 118.82142288951208 217
1777698539936 118.82142288951208 218
1777698564810 118.82142288951208 219
1777698590274 118.82142288951208 220
1777698615582 118.82142288951208 221
1777698641446 118.82142288951208 222
1777698667371 118.82142288951208 223
1777698693798 118.82142288951208 224
1777698720433 118.82142288951208 225
1777698747543 118.82142288951208 226
1777698774359 118.82142288951208 227
1777698801600 118.82142288951208 228
1777698828878 118.82142288951208 229
1777698856137 118.82142288951208 230
1777698883056 118.82142288951208 231
1777698909810 118.82142288951208 232
1777698936526 118.82142288951208 233
1777698963763 118.82142288951208 234
1777698990642 118.82142288951208 235
1777699017262 118.82142288951208 236
1777699043867 118.82142288951208 237
1777699070178 118.82142288951208 238
1777699095812 118.82142288951208 239
1777699122130 118.82142288951208 240
1777699149088 118.82142288951208 241
1777699175608 118.82142288951208 242
1777699202645 118.82142288951208 243
1777699229289 118.82142288951208 244
1777699256152 118.82142288951208 245
1777699283091 118.82142288951208 246
1777699309694 118.82142288951208 247
1777699336319 118.82142288951208 248
1777699363521 118.82142288951208 249
1777699390103 118.82142288951208 250
1777699414899 118.82142288951208 251
1777699439983 118.82142288951208 252
1777699464832 118.82142288951208 253
1777699489860 115.71307773382517 254
1777699514989 115.71307773382517 255
1777699539725 115.71307773382517 256
1777699564615 115.71307773382517 257
1777699589384 115.71307773382517 258
1777699614221 115.71307773382517 259
1777699639148 115.71307773382517 260
1777699664928 115.00898634135922 261
1777699691035 115.00898634135922 262
1777699717024 115.00898634135922 263
1777699742044 115.00898634135922 264
1777699767602 115.00898634135922 265
1777699793022 115.00898634135922 266
1777699818668 115.00898634135922 267
1777699844327 115.00898634135922 268
1777699869963 115.00898634135922 269
1777699895722 115.00898634135922 270
1777699921689 115.00898634135922 271
1777699948224 115.00898634135922 272
1777699974115 115.00898634135922 273
1777700000287 115.00898634135922 274
1777700026205 115.00898634135922 275
1777700051678 115.00898634135922 276
1777700076938 115.00898634135922 277
1777700101996 115.00898634135922 278
1777700127362 115.00898634135922 279
1777700152848 115.00898634135922 280
1777700177950 115.00898634135922 281
1777700202974 115.00898634135922 282
1777700227587 115.00898634135922 283
1777700253247 115.00898634135922 284
1777700279429 115.00898634135922 285
1777700305642 115.00898634135922 286
1777700331505 115.00898634135922 287
1777700356690 115.00898634135922 288
1777700381608 115.00898634135922 289
1777700406836 117.1304418940795 290
1777700432153 117.1304418940795 291
1777700457028 117.1304418940795 292
1777700481819 117.1304418940795 293
1777700506614 117.1304418940795 294
1777700531190 117.1304418940795 295
1777700555694 121.4354704510273 296
1777700580088 121.4354704510273 297
1777700604425 121.4354704510273 298
1777700628488 121.4354704510273 299
1777700653142 121.4354704510273 300
1777700677205 121.4354704510273 301
1777700701935 121.4354704510273 302
1777700726637 121.4354704510273 303
1777700751224 121.4354704510273 304
1777700775353 121.4354704510273 305
1777700799838 121.4354704510273 306
1777700824071 121.4354704510273 307
1777700848632 121.4354704510273 308
1777700872875 121.4354704510273 309
1777700897051 121.4354704510273 310
1777700921299 121.4354704510273 311
1777700945346 121.4354704510273 312
1777700969872 121.4354704510273 313
1777700994227 121.4354704510273 314
1777701018791 121.4354704510273 315
1777701043276 121.4354704510273 316
1777701067506 121.4354704510273 317
1777701092141 121.4354704510273 318
1777701116589 121.4354704510273 319
1777701141028 121.4354704510273 320
1777701165399 121.4354704510273 321
1777701189485 121.4354704510273 322
1777701214098 121.4354704510273 323
1777701238295 121.4354704510273 324
1777701262861 121.4354704510273 325
1777701287082 121.4354704510273 326
1777701311395 121.4354704510273 327
1777701335616 121.4354704510273 328
1777701360013 121.4354704510273 329
1777701384588 121.4354704510273 330
1777701409060 121.4354704510273 331
1777701433425 121.4354704510273 332
1777701457603 121.4354704510273 333
1777701481824 121.4354704510273 334
1777701506077 121.4354704510273 335
1777701530620 121.4354704510273 336
1777701554831 121.4354704510273 337
1777701579216 113.52318268411157 338
1777701603033 113.52318268411157 339
1777701627733 113.52318268411157 340
1777701651847 113.52318268411157 341
1777701676023 113.52318268411157 342
1777701700247 113.52318268411157 343
1777701724362 113.52318268411157 344
1777701748566 113.52318268411157 345
1777701772891 113.52318268411157 346
1777701797337 113.52318268411157 347
1777701821604 113.52318268411157 348
1777701845877 113.52318268411157 349
1777701870330 113.52318268411157 350
1777701894769 113.52318268411157 351
1777701919258 113.52318268411157 352
1777701943543 113.52318268411157 353
1777701968027 113.52318268411157 354
1777701992358 113.52318268411157 355
1777702016882 113.1087605735135 356
1777702041155 113.1087605735135 357
1777702065595 113.1087605735135 358
1777702090247 108.60329942409696 359
1777702114963 113.45500028465761 360
1777702139269 113.45500028465761 361
1777702163908 113.45500028465761 362
1777702188093 113.45500028465761 363
1777702212379 113.45500028465761 364
1777702236813 113.45500028465761 365
1777702261088 113.45500028465761 366
1777702285548 113.45500028465761 367
1777702309604 113.45500028465761 368
1777702333959 113.45500028465761 369
1777702358461 113.45500028465761 370
1777702382855 113.45500028465761 371
1777702406920 113.45500028465761 372
1777702431542 116.98376088037168 373
1777702455728 116.98376088037168 374
1777702479933 116.98376088037168 375
1777702504520 116.98376088037168 376
1777702529196 116.98376088037168 377
1777702553522 116.98376088037168 378
1777702577625 116.98376088037168 379
1777702601737 116.98376088037168 380
1777702626440 116.98376088037168 381
1777702651117 116.98376088037168 382
1777702675542 116.98376088037168 383
1777702699606 116.98376088037168 384
1777702723876 116.98376088037168 385
1777702748117 116.98376088037168 386
1777702772577 116.98376088037168 387
1777702796693 116.98376088037168 388
1777702821052 116.98376088037168 389
1777702845505 116.98376088037168 390
1777702870093 116.98376088037168 391
1777702894481 116.98376088037168 392
1777702919029 116.98376088037168 393
1777702943345 116.98376088037168 394
1777702967528 116.98376088037168 395
1777702991721 116.98376088037168 396
1777703016310 116.98376088037168 397
1777703040480 116.98376088037168 398
1777703064689 116.98376088037168 399
1777703089125 116.98376088037168 400
1777703113362 116.98376088037168 401
1777703137789 116.98376088037168 402
1777703162122 116.98376088037168 403
1777703186729 116.98376088037168 404
1777703210964 116.98376088037168 405
1777703235404 116.98376088037168 406
1777703259405 116.98376088037168 407
1777703283777 116.98376088037168 408
1777703308189 116.98376088037168 409
1777703332498 116.98376088037168 410
1777703356750 116.98376088037168 411
1777703381194 116.98376088037168 412
1777703405629 116.98376088037168 413
1777703429996 116.61353061906544 414
1777703454159 116.61353061906544 415
1777703478622 116.61353061906544 416
1777703502992 116.61353061906544 417
1777703527234 116.61353061906544 418
1777703551473 116.61353061906544 419
1777703575620 116.61353061906544 420
1777703600116 116.61353061906544 421
1777703624582 116.61353061906544 422
1777703648676 116.61353061906544 423
1777703673179 116.61353061906544 424
1777703697569 116.61353061906544 425
1777703721742 116.61353061906544 426
1777703746266 116.61353061906544 427
1777703770920 116.61353061906544 428
1777703795070 116.61353061906544 429
1777703819356 116.61353061906544 430
1777703843745 116.61353061906544 431
1777703867789 116.61353061906544 432
1777703891854 116.61353061906544 433
1777703915922 116.61353061906544 434
1777703940376 116.61353061906544 435
1777703964645 116.61353061906544 436
1777703988692 116.61353061906544 437
1777704013060 116.61353061906544 438
1777704037620 116.61353061906544 439
1777704061840 116.61353061906544 440
1777704086130 116.61353061906544 441
1777704110318 116.61353061906544 442
1777704134278 116.61353061906544 443
1777704158666 116.61353061906544 444
1777704183033 116.61353061906544 445
1777704207240 116.61353061906544 446
1777704231622 116.61353061906544 447
1777704256024 116.61353061906544 448
1777704280233 116.61353061906544 449
1777704304584 116.61353061906544 450
1777704329188 116.61353061906544 451
1777704353323 116.61353061906544 452
1777704377615 116.61353061906544 453
1777704402104 115.24269051100786 454
1777704426489 115.24269051100786 455
1777704451078 115.24269051100786 456
1777704475115 115.24269051100786 457
1777704499621 115.24269051100786 458
1777704523743 115.24269051100786 459
1777704547774 115.24269051100786 460
1777704571981 115.24269051100786 461
1777704596436 115.24269051100786 462
1777704620722 115.24269051100786 463
1777704644904 115.24269051100786 464
1777704669429 115.24269051100786 465
1777704694142 115.24269051100786 466
1777704718496 115.24269051100786 467
1777704742818 115.24269051100786 468
1777704767139 115.24269051100786 469
1777704791168 115.24269051100786 470
1777704816987 115.24269051100786 471
