1777693015705 0.0 0
1777693039169 1.0 1
1777693063440 1.0 2
1777693088133 2.0 3
1777693111927 1.0 4
1777693135512 1.0 5
1777693158691 1.0 6
1777693182440 1.0 7
1777693206300 1.0 8
1777693230443 1.0 9
1777693254420 1.0 10
1777693278806 2.0 11
1777693303575 1.0 12
1777693328337 1.0 13
1777693353429 1.0 14
1777693378101 1.0 15
1777693403054 1.0 16
1777693427955 0.0 17
1777693452754 0.0 18
1777693477492 0.0 19
1777693502516 0.0 20
1777693528141 0.0 21
1777693554920 0.0 22
1777693581225 0.0 23
1777693605888 0.0 24
1777693630491 0.0 25
1777693655617 1.0 26
1777693680297 0.0 27
1777693705494 1.0 28
1777693730144 0.0 29
1777693754916 1.0 30
1777693779887 0.0 31
1777693805313 1.0 32
1777693830783 1.0 33
1777693856240 1.0 34
1777693881542 1.0 35
1777693907227 1.0 36
1777693932406 1.0 37
1777693958054 2.0 38
1777693984005 3.0 39
1777694009347 1.0 40
1777694034450 0.0 41
1777694059622 0.0 42
1777694084861 0.0 43
1777694110163 0.0 44
1777694135451 0.0 45
1777694160443 0.0 46
1777694186210 1.0 47
1777694211440 2.0 48
1777694236873 2.0 49
1777694261909 2.0 50
1777694287438 2.0 51
1777694313151 2.0 52
1777694338937 3.0 53
1777694364218 2.0 54
1777694389471 2.0 55
1777694415118 2.0 56
1777694440757 2.0 57
1777694466328 2.0 58
1777694491754 1.0 59
1777694517416 2.0 60
1777694542480 0.0 61
1777694568483 3.0 62
1777694594082 2.0 63
1777694619721 2.0 64
1777694645023 2.0 65
1777694670600 2.0 66
1777694696514 3.0 67
1777694723004 2.0 68
1777694748852 2.0 69
1777694774389 2.0 70
1777694800796 3.0 71
1777694826523 2.0 72
1777694852429 2.0 73
1777694878643 3.0 74
1777694904832 2.0 75
1777694931148 3.0 76
1777694957655 2.0 77
1777694983703 2.0 78
1777695010324 3.0 79
1777695036078 2.0 80
1777695061835 2.0 81
1777695087519 2.0 82
1777695112410 2.0 83
1777695137753 3.0 84
1777695162703 2.0 85
1777695187982 3.0 86
1777695213004 2.0 87
1777695237965 2.0 88
1777695263166 2.0 89
1777695288163 2.0 90
1777695313409 2.0 91
1777695338478 2.0 92
1777695363657 2.0 93
1777695388605 1.0 94
1777695413778 2.0 95
1777695439153 2.0 96
1777695464128 2.0 97
1777695489444 2.0 98
1777695514383 2.0 99
1777695539623 3.0 100
1777695564734 2.0 101
1777695590084 2.0 102
1777695615247 2.0 103
1777695640323 2.0 104
1777695665153 2.0 105
1777695690256 3.0 106
1777695715202 3.0 107
1777695740164 2.0 108
1777695765350 2.0 109
1777695790601 3.0 110
1777695815882 3.0 111
1777695840761 1.0 112
1777695866140 3.0 113
1777695891232 2.0 114
1777695916623 2.0 115
1777695941611 4.0 116
1777695966638 2.0 117
1777695992249 2.0 118
1777696017391 4.0 119
1777696042827 2.0 120
1777696068042 2.0 121
1777696093484 2.0 122
1777696118700 3.0 123
1777696143761 2.0 124
1777696168922 2.0 125
1777696194158 2.0 126
1777696219169 3.0 127
1777696244352 3.0 128
1777696269015 2.0 129
1777696294003 2.0 130
1777696319169 2.0 131
1777696344495 3.0 132
1777696369687 2.0 133
1777696394912 3.0 134
1777696419950 2.0 135
1777696444946 2.0 136
1777696469886 3.0 137
1777696494886 3.0 138
1777696519863 2.0 139
1777696544717 1.0 140
1777696569457 3.0 141
1777696594407 2.0 142
1777696619277 2.0 143
1777696644306 3.0 144
1777696669424 2.0 145
1777696694405 3.0 146
1777696719574 2.0 147
1777696744758 2.0 148
1777696769772 2.0 149
1777696794834 2.0 150
1777696819614 2.0 151
1777696844622 3.0 152
1777696869873 2.0 153
1777696894966 2.0 154
1777696919775 2.0 155
1777696945004 2.0 156
1777696970180 2.0 157
1777696995465 2.0 158
1777697020216 1.0 159
1777697045124 3.0 160
1777697070440 2.0 161
1777697095379 2.0 162
1777697120864 3.0 163
1777697146419 2.0 164
1777697171619 3.0 165
1777697196922 2.0 166
1777697222070 2.0 167
1777697247208 2.0 168
1777697272414 1.0 169
1777697298171 3.0 170
1777697323474 2.0 171
1777697348406 2.0 172
1777697373798 3.0 173
1777697399067 3.0 174
1777697424398 2.0 175
1777697449732 3.0 176
1777697474881 1.0 177
1777697499887 2.0 178
1777697525283 3.0 179
1777697550695 2.0 180
1777697576204 2.0 181
1777697601271 2.0 182
1777697626133 2.0 183
1777697651568 3.0 184
1777697676466 2.0 185
1777697701722 2.0 186
1777697727210 2.0 187
1777697752761 3.0 188
1777697778729 2.0 189
1777697804341 2.0 190
1777697830071 2.0 191
1777697855639 2.0 192
1777697881120 1.0 193
1777697906788 3.0 194
1777697932121 2.0 195
1777697957954 2.0 196
1777697983543 2.0 197
1777698008838 2.0 198
1777698035043 2.0 199
1777698061789 3.0 200
1777698088407 2.0 201
1777698115449 2.0 202
1777698142603 3.0 203
1777698169667 2.0 204
1777698196934 2.0 205
1777698224386 3.0 206
1777698251917 2.0 207
1777698278751 2.0 208
1777698305518 2.0 209
1777698331728 3.0 210
1777698356576 2.0 211
1777698382065 2.0 212
1777698408710 3.0 213
1777698436455 2.0 214
1777698463309 3.0 215
1777698489303 2.0 216
1777698514615 2.0 217
1777698539936 3.0 218
1777698564810 2.0 219
1777698590274 3.0 220
1777698615582 2.0 221
1777698641446 3.0 222
1777698667371 1.0 223
1777698693798 3.0 224
1777698720433 2.0 225
1777698747543 3.0 226
1777698774359 2.0 227
1777698801600 3.0 228
1777698828878 3.0 229
1777698856137 2.0 230
1777698883056 3.0 231
1777698909810 2.0 232
1777698936526 2.0 233
1777698963763 3.0 234
1777698990642 2.0 235
1777699017262 3.0 236
1777699043867 2.0 237
1777699070178 3.0 238
1777699095812 2.0 239
1777699122130 3.0 240
1777699149088 2.0 241
1777699175608 2.0 242
1777699202645 3.0 243
1777699229289 2.0 244
1777699256152 3.0 245
1777699283091 2.0 246
1777699309694 1.0 247
1777699336319 2.0 248
1777699363521 3.0 249
1777699390103 2.0 250
1777699414899 3.0 251
1777699439983 2.0 252
1777699464832 2.0 253
1777699489860 3.0 254
1777699514989 2.0 255
1777699539725 2.0 256
1777699564615 2.0 257
1777699589384 3.0 258
1777699614221 2.0 259
1777699639148 2.0 260
1777699664928 3.0 261
1777699691035 2.0 262
1777699717024 3.0 263
1777699742044 4.0 264
1777699767602 3.0 265
1777699793022 2.0 266
1777699818668 3.0 267
1777699844327 2.0 268
1777699869963 2.0 269
1777699895722 2.0 270
1777699921689 3.0 271
1777699948224 2.0 272
1777699974115 1.0 273
1777700000287 3.0 274
1777700026205 2.0 275
1777700051678 3.0 276
1777700076938 3.0 277
1777700101996 2.0 278
1777700127362 2.0 279
1777700152848 2.0 280
1777700177950 2.0 281
1777700202974 3.0 282
1777700227587 2.0 283
1777700253247 2.0 284
1777700279429 2.0 285
1777700305642 2.0 286
1777700331505 3.0 287
1777700356690 3.0 288
1777700381608 2.0 289
1777700406836 2.0 290
1777700432153 2.0 291
1777700457028 3.0 292
1777700481819 2.0 293
1777700506614 3.0 294
1777700531190 2.0 295
1777700555694 3.0 296
1777700580088 2.0 297
1777700604425 2.0 298
1777700628488 1.0 299
1777700653142 3.0 300
1777700677205 2.0 301
1777700701935 2.0 302
1777700726637 3.0 303
1777700751224 2.0 304
1777700775353 2.0 305
1777700799838 3.0 306
1777700824071 2.0 307
1777700848632 2.0 308
1777700872875 3.0 309
1777700897051 2.0 310
1777700921299 1.0 311
1777700945346 3.0 312
1777700969872 3.0 313
1777700994227 2.0 314
1777701018791 3.0 315
1777701043276 2.0 316
1777701067506 3.0 317
1777701092141 3.0 318
1777701116589 2.0 319
1777701141028 2.0 320
1777701165399 2.0 321
1777701189485 2.0 322
1777701214098 3.0 323
1777701238295 2.0 324
1777701262861 3.0 325
1777701287082 3.0 326
1777701311395 2.0 327
1777701335616 3.0 328
1777701360013 2.0 329
1777701384588 2.0 330
1777701409060 3.0 331
1777701433425 3.0 332
1777701457603 2.0 333
1777701481824 2.0 334
1777701506077 2.0 335
1777701530620 3.0 336
1777701554831 2.0 337
1777701579216 3.0 338
1777701603033 3.0 339
1777701627733 2.0 340
1777701651847 2.0 341
1777701676023 0.0 342
1777701700247 0.0 343
1777701724362 2.0 344
1777701748566 2.0 345
1777701772891 1.0 346
1777701797337 2.0 347
1777701821604 2.0 348
1777701845877 3.0 349
1777701870330 2.0 350
1777701894769 3.0 351
1777701919258 2.0 352
1777701943543 2.0 353
1777701968027 3.0 354
1777701992358 2.0 355
1777702016882 3.0 356
1777702041155 2.0 357
1777702065595 3.0 358
1777702090247 2.0 359
1777702114963 3.0 360
1777702139269 2.0 361
1777702163908 3.0 362
1777702188093 2.0 363
1777702212379 3.0 364
1777702236813 2.0 365
1777702261088 3.0 366
1777702285548 2.0 367
1777702309604 2.0 368
1777702333959 3.0 369
1777702358461 2.0 370
1777702382855 3.0 371
1777702406920 2.0 372
1777702431542 3.0 373
1777702455728 2.0 374
1777702479933 2.0 375
1777702504520 3.0 376
1777702529196 2.0 377
1777702553522 2.0 378
1777702577625 3.0 379
1777702601737 2.0 380
1777702626440 3.0 381
1777702651117 3.0 382
1777702675542 2.0 383
1777702699606 3.0 384
1777702723876 2.0 385
1777702748117 3.0 386
1777702772577 2.0 387
1777702796693 3.0 388
1777702821052 3.0 389
1777702845505 3.0 390
1777702870093 2.0 391
1777702894481 3.0 392
1777702919029 3.0 393
1777702943345 2.0 394
1777702967528 3.0 395
1777702991721 2.0 396
1777703016310 3.0 397
1777703040480 2.0 398
1777703064689 2.0 399
1777703089125 2.0 400
1777703113362 3.0 401
1777703137789 2.0 402
1777703162122 2.0 403
1777703186729 3.0 404
1777703210964 2.0 405
1777703235404 2.0 406
1777703259405 2.0 407
1777703283777 2.0 408
1777703308189 2.0 409
1777703332498 3.0 410
1777703356750 2.0 411
1777703381194 2.0 412
1777703405629 2.0 413
1777703429996 3.0 414
1777703454159 2.0 415
1777703478622 3.0 416
1777703502992 2.0 417
1777703527234 2.0 418
1777703551473 3.0 419
1777703575620 2.0 420
1777703600116 3.0 421
1777703624582 2.0 422
1777703648676 2.0 423
1777703673179 3.0 424
1777703697569 2.0 425
1777703721742 3.0 426
1777703746266 2.0 427
1777703770920 3.0 428
1777703795070 2.0 429
1777703819356 2.0 430
1777703843745 3.0 431
1777703867789 2.0 432
1777703891854 2.0 433
1777703915922 2.0 434
1777703940376 2.0 435
1777703964645 2.0 436
1777703988692 2.0 437
1777704013060 2.0 438
1777704037620 2.0 439
1777704061840 3.0 440
1777704086130 2.0 441
1777704110318 2.0 442
1777704134278 2.0 443
1777704158666 3.0 444
1777704183033 2.0 445
1777704207240 3.0 446
1777704231622 2.0 447
1777704256024 3.0 448
1777704280233 2.0 449
1777704304584 2.0 450
1777704329188 3.0 451
1777704353323 3.0 452
1777704377615 2.0 453
1777704402104 3.0 454
1777704426489 2.0 455
1777704451078 3.0 456
1777704475115 2.0 457
1777704499621 2.0 458
1777704523743 3.0 459
1777704547774 2.0 460
1777704571981 2.0 461
1777704596436 3.0 462
1777704620722 2.0 463
1777704644904 2.0 464
1777704669429 3.0 465
1777704694142 2.0 466
1777704718496 3.0 467
1777704742818 2.0 468
1777704767139 3.0 469
1777704791168 3.0 470
1777704816987 2.0 471
