1777693015705 211100.0 0
1777693039169 211200.0 1
1777693063440 211300.0 2
1777693088133 211400.0 3
1777693111927 211500.0 4
1777693135512 211600.0 5
1777693158691 211700.0 6
1777693182440 211800.0 7
1777693206300 211900.0 8
1777693230443 212000.0 9
1777693254420 212100.0 10
1777693278806 212200.0 11
1777693303575 212300.0 12
1777693328337 212400.0 13
1777693353429 212500.0 14
1777693378101 212600.0 15
1777693403054 212700.0 16
1777693427955 212800.0 17
1777693452754 212900.0 18
1777693477492 213000.0 19
1777693502516 213100.0 20
1777693528141 213200.0 21
1777693554920 213300.0 22
1777693581225 213400.0 23
1777693605888 213500.0 24
1777693630491 213600.0 25
1777693655617 213700.0 26
1777693680297 213800.0 27
1777693705494 213900.0 28
1777693730144 214000.0 29
1777693754916 214100.0 30
1777693779887 214200.0 31
1777693805313 214300.0 32
1777693830783 214400.0 33
1777693856240 214500.0 34
1777693881542 214600.0 35
1777693907227 214700.0 36
1777693932406 214800.0 37
1777693958054 214900.0 38
1777693984005 215000.0 39
1777694009347 215100.0 40
1777694034450 215200.0 41
1777694059622 215300.0 42
1777694084861 215400.0 43
1777694110163 215500.0 44
1777694135451 215600.0 45
1777694160443 215700.0 46
1777694186210 215800.0 47
1777694211440 215900.0 48
1777694236873 216000.0 49
1777694261909 216100.0 50
1777694287438 216200.0 51
1777694313151 216300.0 52
1777694338937 216400.0 53
1777694364218 216500.0 54
1777694389471 216600.0 55
1777694415118 216700.0 56
1777694440757 216800.0 57
1777694466328 216900.0 58
1777694491754 217000.0 59
1777694517416 217100.0 60
1777694542480 217200.0 61
1777694568483 217300.0 62
1777694594082 217400.0 63
1777694619721 217500.0 64
1777694645023 217600.0 65
1777694670600 217700.0 66
1777694696514 217800.0 67
1777694723004 217900.0 68
1777694748852 218000.0 69
1777694774389 218100.0 70
1777694800796 218200.0 71
1777694826523 218300.0 72
1777694852429 218400.0 73
1777694878643 218500.0 74
1777694904832 218600.0 75
1777694931148 218700.0 76
1777694957655 218800.0 77
1777694983703 218900.0 78
1777695010324 219000.0 79
1777695036078 219100.0 80
1777695061835 219200.0 81
1777695087519 219300.0 82
1777695112410 219400.0 83
1777695137753 219500.0 84
1777695162703 219600.0 85
1777695187982 219700.0 86
1777695213004 219800.0 87
1777695237965 219900.0 88
1777695263166 220000.0 89
1777695288163 220100.0 90
1777695313409 220200.0 91
1777695338478 220300.0 92
1777695363657 220400.0 93
1777695388605 220500.0 94
1777695413778 220600.0 95
1777695439153 220700.0 96
1777695464128 220800.0 97
1777695489444 220900.0 98
1777695514383 221000.0 99
1777695539623 221100.0 100
1777695564734 221200.0 101
1777695590084 221300.0 102
1777695615247 221400.0 103
1777695640323 221500.0 104
1777695665153 221600.0 105
1777695690256 221700.0 106
1777695715202 221800.0 107
1777695740164 221900.0 108
1777695765350 222000.0 109
1777695790601 222100.0 110
1777695815882 222200.0 111
1777695840761 222300.0 112
1777695866140 222400.0 113
1777695891232 222500.0 114
1777695916623 222600.0 115
1777695941611 222700.0 116
1777695966638 222800.0 117
1777695992249 222900.0 118
1777696017391 223000.0 119
1777696042827 223100.0 120
1777696068042 223200.0 121
1777696093484 223300.0 122
1777696118700 223400.0 123
1777696143761 223500.0 124
1777696168922 223600.0 125
1777696194158 223700.0 126
1777696219169 223800.0 127
1777696244352 223900.0 128
1777696269015 224000.0 129
1777696294003 224100.0 130
1777696319169 224200.0 131
1777696344495 224300.0 132
1777696369687 224400.0 133
1777696394912 224500.0 134
1777696419950 224600.0 135
1777696444946 224700.0 136
1777696469886 224800.0 137
1777696494886 224900.0 138
1777696519863 225000.0 139
1777696544717 225100.0 140
1777696569457 225200.0 141
1777696594407 225300.0 142
1777696619277 225400.0 143
1777696644306 225500.0 144
1777696669424 225600.0 145
1777696694405 225700.0 146
1777696719574 225800.0 147
1777696744758 225900.0 148
1777696769772 226000.0 149
1777696794834 226100.0 150
1777696819614 226200.0 151
1777696844622 226300.0 152
1777696869873 226400.0 153
1777696894966 226500.0 154
1777696919775 226600.0 155
1777696945004 226700.0 156
1777696970180 226800.0 157
1777696995465 226900.0 158
1777697020216 227000.0 159
1777697045124 227100.0 160
1777697070440 227200.0 161
1777697095379 227300.0 162
1777697120864 227400.0 163
1777697146419 227500.0 164
1777697171619 227600.0 165
1777697196922 227700.0 166
1777697222070 227800.0 167
1777697247208 227900.0 168
1777697272414 228000.0 169
1777697298171 228100.0 170
1777697323474 228200.0 171
1777697348406 228300.0 172
1777697373798 228400.0 173
1777697399067 228500.0 174
1777697424398 228600.0 175
1777697449732 228700.0 176
1777697474881 228800.0 177
1777697499887 228900.0 178
1777697525283 229000.0 179
1777697550695 229100.0 180
1777697576204 229200.0 181
1777697601271 229300.0 182
1777697626133 229400.0 183
1777697651568 229500.0 184
1777697676466 229600.0 185
1777697701722 229700.0 186
1777697727210 229800.0 187
1777697752761 229900.0 188
1777697778729 230000.0 189
1777697804341 230100.0 190
1777697830071 230200.0 191
1777697855639 230300.0 192
1777697881120 230400.0 193
1777697906788 230500.0 194
1777697932121 230600.0 195
1777697957954 230700.0 196
1777697983543 230800.0 197
1777698008838 230900.0 198
1777698035043 231000.0 199
1777698061789 231100.0 200
1777698088407 231200.0 201
1777698115449 231300.0 202
1777698142603 231400.0 203
1777698169667 231500.0 204
1777698196934 231600.0 205
1777698224386 231700.0 206
1777698251917 231800.0 207
1777698278751 231900.0 208
1777698305518 232000.0 209
1777698331728 232100.0 210
1777698356576 232200.0 211
1777698382065 232300.0 212
1777698408710 232400.0 213
1777698436455 232500.0 214
1777698463309 232600.0 215
1777698489303 232700.0 216
1777698514615 232800.0 217
1777698539936 232900.0 218
1777698564810 233000.0 219
1777698590274 233100.0 220
1777698615582 233200.0 221
1777698641446 233300.0 222
1777698667371 233400.0 223
1777698693798 233500.0 224
1777698720433 233600.0 225
1777698747543 233700.0 226
1777698774359 233800.0 227
1777698801600 233900.0 228
1777698828878 234000.0 229
1777698856137 234100.0 230
1777698883056 234200.0 231
1777698909810 234300.0 232
1777698936526 234400.0 233
1777698963763 234500.0 234
1777698990642 234600.0 235
1777699017262 234700.0 236
1777699043867 234800.0 237
1777699070178 234900.0 238
1777699095812 235000.0 239
1777699122130 235100.0 240
1777699149088 235200.0 241
1777699175608 235300.0 242
1777699202645 235400.0 243
1777699229289 235500.0 244
1777699256152 235600.0 245
1777699283091 235700.0 246
1777699309694 235800.0 247
1777699336319 235900.0 248
1777699363521 236000.0 249
1777699390103 236100.0 250
1777699414899 236200.0 251
1777699439983 236300.0 252
1777699464832 236400.0 253
1777699489860 236500.0 254
1777699514989 236600.0 255
1777699539725 236700.0 256
1777699564615 236800.0 257
1777699589384 236900.0 258
1777699614221 237000.0 259
1777699639148 237100.0 260
1777699664928 237200.0 261
1777699691035 237300.0 262
1777699717024 237400.0 263
1777699742044 237500.0 264
1777699767602 237600.0 265
1777699793022 237700.0 266
1777699818668 237800.0 267
1777699844327 237900.0 268
1777699869963 238000.0 269
1777699895722 238100.0 270
1777699921689 238200.0 271
1777699948224 238300.0 272
1777699974115 238400.0 273
1777700000287 238500.0 274
1777700026205 238600.0 275
1777700051678 238700.0 276
1777700076938 238800.0 277
1777700101996 238900.0 278
1777700127362 239000.0 279
1777700152848 239100.0 280
1777700177950 239200.0 281
1777700202974 239300.0 282
1777700227587 239400.0 283
1777700253247 239500.0 284
1777700279429 239600.0 285
1777700305642 239700.0 286
1777700331505 239800.0 287
1777700356690 239900.0 288
1777700381608 240000.0 289
1777700406836 240100.0 290
1777700432153 240200.0 291
1777700457028 240300.0 292
1777700481819 240400.0 293
1777700506614 240500.0 294
1777700531190 240600.0 295
1777700555694 240700.0 296
1777700580088 240800.0 297
1777700604425 240900.0 298
1777700628488 241000.0 299
1777700653142 241100.0 300
1777700677205 241200.0 301
1777700701935 241300.0 302
1777700726637 241400.0 303
1777700751224 241500.0 304
1777700775353 241600.0 305
1777700799838 241700.0 306
1777700824071 241800.0 307
1777700848632 241900.0 308
1777700872875 242000.0 309
1777700897051 242100.0 310
1777700921299 242200.0 311
1777700945346 242300.0 312
1777700969872 242400.0 313
1777700994227 242500.0 314
1777701018791 242600.0 315
1777701043276 242700.0 316
1777701067506 242800.0 317
1777701092141 242900.0 318
1777701116589 243000.0 319
1777701141028 243100.0 320
1777701165399 243200.0 321
1777701189485 243300.0 322
1777701214098 243400.0 323
1777701238295 243500.0 324
1777701262861 243600.0 325
1777701287082 243700.0 326
1777701311395 243800.0 327
1777701335616 243900.0 328
1777701360013 244000.0 329
1777701384588 244100.0 330
1777701409060 244200.0 331
1777701433425 244300.0 332
1777701457603 244400.0 333
1777701481824 244500.0 334
1777701506077 244600.0 335
1777701530620 244700.0 336
1777701554831 244800.0 337
1777701579216 244900.0 338
1777701603033 245000.0 339
1777701627733 245100.0 340
1777701651847 245200.0 341
1777701676023 245300.0 342
1777701700247 245400.0 343
1777701724362 245500.0 344
1777701748566 245600.0 345
1777701772891 245700.0 346
1777701797337 245800.0 347
1777701821604 245900.0 348
1777701845877 246000.0 349
1777701870330 246100.0 350
1777701894769 246200.0 351
1777701919258 246300.0 352
1777701943543 246400.0 353
1777701968027 246500.0 354
1777701992358 246600.0 355
1777702016882 246700.0 356
1777702041155 246800.0 357
1777702065595 246900.0 358
1777702090247 247000.0 359
1777702114963 247100.0 360
1777702139269 247200.0 361
1777702163908 247300.0 362
1777702188093 247400.0 363
1777702212379 247500.0 364
1777702236813 247600.0 365
1777702261088 247700.0 366
1777702285548 247800.0 367
1777702309604 247900.0 368
1777702333959 248000.0 369
1777702358461 248100.0 370
1777702382855 248200.0 371
1777702406920 248300.0 372
1777702431542 248400.0 373
1777702455728 248500.0 374
1777702479933 248600.0 375
1777702504520 248700.0 376
1777702529196 248800.0 377
1777702553522 248900.0 378
1777702577625 249000.0 379
1777702601737 249100.0 380
1777702626440 249200.0 381
1777702651117 249300.0 382
1777702675542 249400.0 383
1777702699606 249500.0 384
1777702723876 249600.0 385
1777702748117 249700.0 386
1777702772577 249800.0 387
1777702796693 249900.0 388
1777702821052 250000.0 389
1777702845505 250100.0 390
1777702870093 250200.0 391
1777702894481 250300.0 392
1777702919029 250400.0 393
1777702943345 250500.0 394
1777702967528 250600.0 395
1777702991721 250700.0 396
1777703016310 250800.0 397
1777703040480 250900.0 398
1777703064689 251000.0 399
1777703089125 251100.0 400
1777703113362 251200.0 401
1777703137789 251300.0 402
1777703162122 251400.0 403
1777703186729 251500.0 404
1777703210964 251600.0 405
1777703235404 251700.0 406
1777703259405 251800.0 407
1777703283777 251900.0 408
1777703308189 252000.0 409
1777703332498 252100.0 410
1777703356750 252200.0 411
1777703381194 252300.0 412
1777703405629 252400.0 413
1777703429996 252500.0 414
1777703454159 252600.0 415
1777703478622 252700.0 416
1777703502992 252800.0 417
1777703527234 252900.0 418
1777703551473 253000.0 419
1777703575620 253100.0 420
1777703600116 253200.0 421
1777703624582 253300.0 422
1777703648676 253400.0 423
1777703673179 253500.0 424
1777703697569 253600.0 425
1777703721742 253700.0 426
1777703746266 253800.0 427
1777703770920 253900.0 428
1777703795070 254000.0 429
1777703819356 254100.0 430
1777703843745 254200.0 431
1777703867789 254300.0 432
1777703891854 254400.0 433
1777703915922 254500.0 434
1777703940376 254600.0 435
1777703964645 254700.0 436
1777703988692 254800.0 437
1777704013060 254900.0 438
1777704037620 255000.0 439
1777704061840 255100.0 440
1777704086130 255200.0 441
1777704110318 255300.0 442
1777704134278 255400.0 443
1777704158666 255500.0 444
1777704183033 255600.0 445
1777704207240 255700.0 446
1777704231622 255800.0 447
1777704256024 255900.0 448
1777704280233 256000.0 449
1777704304584 256100.0 450
1777704329188 256200.0 451
1777704353323 256300.0 452
1777704377615 256400.0 453
1777704402104 256500.0 454
1777704426489 256600.0 455
1777704451078 256700.0 456
1777704475115 256800.0 457
1777704499621 256900.0 458
1777704523743 257000.0 459
1777704547774 257100.0 460
1777704571981 257200.0 461
1777704596436 257300.0 462
1777704620722 257400.0 463
1777704644904 257500.0 464
1777704669429 257600.0 465
1777704694142 257700.0 466
1777704718496 257800.0 467
1777704742818 257900.0 468
1777704767139 258000.0 469
1777704791168 258100.0 470
1777704816987 258200.0 471
