1777029529253 nan 0
1777029531933 nan 1
1777029534650 nan 2
1777029537364 nan 3
1777029540397 nan 4
1777029543206 nan 5
1777029545933 nan 6
1777029548658 nan 7
1777029551369 nan 8
1777029554368 -1727.2646664818624 9
1777029556032 -1727.2646664818624 10
1777029557630 -1727.2646664818624 11
1777029559265 -1727.2646664818624 12
1777029560881 -1727.2646664818624 13
1777029562561 -1727.2646664818624 14
1777029575595 -1727.2646664818624 15
1777029588759 -1727.2646664818624 16
1777029601500 -1727.2646664818624 17
1777029614576 -1727.2646664818624 18
1777029627660 -1740.219010199618 19
1777029640900 -1740.219010199618 20
1777029654052 -1740.219010199618 21
1777029666930 -1740.219010199618 22
1777029679739 -1740.219010199618 23
1777029693595 -1740.219010199618 24
1777029706818 -1740.219010199618 25
1777029720005 -1740.219010199618 26
1777029733841 -1740.219010199618 27
1777029747125 -1740.219010199618 28
1777029760563 -2069.8149307536346 29
1777029774368 -2069.8149307536346 30
1777029787265 -2069.8149307536346 31
1777029800388 -2069.8149307536346 32
1777029813161 -2069.8149307536346 33
1777029826025 -2069.8149307536346 34
1777029839088 -2069.8149307536346 35
1777029852201 -2069.8149307536346 36
1777029865113 -2069.8149307536346 37
1777029878152 -2069.8149307536346 38
1777029890848 -2069.8149307536346 39
1777029903678 -2069.8149307536346 40
1777029916547 -2069.8149307536346 41
1777029929428 -2069.8149307536346 42
1777029942458 -2069.8149307536346 43
1777029955307 -2069.8149307536346 44
1777029968060 -2069.8149307536346 45
1777029980998 -2069.8149307536346 46
1777029993917 -2069.8149307536346 47
1777030006637 -2069.8149307536346 48
1777030019923 -2069.8149307536346 49
1777030033366 -2069.8149307536346 50
1777030046763 -2069.8149307536346 51
1777030060060 -2069.8149307536346 52
1777030073360 -2069.8149307536346 53
1777030086558 -2069.8149307536346 54
1777030099851 -2069.8149307536346 55
1777030113371 -2069.8149307536346 56
1777030126728 -2069.8149307536346 57
1777030140136 -2069.8149307536346 58
1777030153653 -2069.8149307536346 59
1777030166756 -2069.8149307536346 60
1777030179850 -2069.8149307536346 61
1777030192812 -2069.8149307536346 62
1777030205733 -2069.8149307536346 63
1777030218544 -2069.8149307536346 64
1777030231439 -2069.8149307536346 65
1777030244135 -2069.8149307536346 66
1777030257002 -2069.8149307536346 67
1777030269867 -2069.8149307536346 68
1777030282721 -2069.8149307536346 69
1777030295743 -2069.8149307536346 70
1777030308721 -2069.8149307536346 71
1777030322028 -2069.8149307536346 72
1777030334921 -2069.8149307536346 73
1777030347909 -2069.8149307536346 74
1777030360905 -2069.8149307536346 75
1777030374090 -2069.8149307536346 76
1777030386926 -2069.8149307536346 77
1777030399916 -2069.8149307536346 78
1777030412884 -2069.8149307536346 79
1777030426709 -2069.8149307536346 80
1777030440059 -2069.8149307536346 81
1777030453170 -2069.8149307536346 82
1777030468297 -2069.8149307536346 83
1777030484124 -2069.8149307536346 84
1777030500396 -2069.8149307536346 85
1777030516802 -2069.8149307536346 86
1777030533144 -2069.8149307536346 87
1777030549814 -2069.8149307536346 88
1777030566325 -2069.8149307536346 89
1777030582184 -2069.8149307536346 90
1777030598783 -2069.8149307536346 91
1777030615198 -2069.8149307536346 92
1777030631513 -2069.8149307536346 93
1777030647862 -2069.8149307536346 94
1777030663999 -2069.8149307536346 95
1777030679998 -2069.8149307536346 96
1777030695625 -2069.8149307536346 97
1777030711191 -2069.8149307536346 98
1777030726582 -2069.8149307536346 99
1777030742708 -2069.8149307536346 100
1777030762327 -2069.8149307536346 101
1777030778699 -2069.8149307536346 102
1777030794703 -2069.8149307536346 103
1777030811149 -2069.8149307536346 104
1777030827596 -2069.8149307536346 105
1777030843492 -2069.8149307536346 106
1777030862096 -2069.8149307536346 107
1777030879752 -2069.8149307536346 108
1777030895065 -2069.8149307536346 109
1777030911198 -2069.8149307536346 110
1777030926880 -2069.8149307536346 111
1777030944490 -2069.8149307536346 112
1777030960811 -2069.8149307536346 113
1777030977637 -2069.8149307536346 114
1777030994201 -2069.8149307536346 115
1777031010687 -2069.8149307536346 116
1777031027315 -2069.8149307536346 117
1777031044075 -2069.8149307536346 118
1777031060928 -2069.8149307536346 119
1777031077895 -2069.8149307536346 120
1777031094963 -2069.8149307536346 121
1777031112352 -2069.8149307536346 122
1777031129674 -2069.8149307536346 123
1777031146665 -2069.8149307536346 124
1777031163393 -2069.8149307536346 125
1777031180219 -2069.8149307536346 126
1777031197091 -2069.8149307536346 127
1777031214021 -2069.8149307536346 128
1777031230880 -2069.8149307536346 129
1777031247780 -2069.8149307536346 130
1777031264884 -2069.8149307536346 131
1777031281844 -2069.8149307536346 132
1777031298553 -2069.8149307536346 133
1777031315716 -2069.8149307536346 134
1777031332874 -2069.8149307536346 135
1777031350314 -2069.8149307536346 136
1777031367501 -2069.8149307536346 137
1777031384751 -2069.8149307536346 138
1777031402337 -2069.8149307536346 139
1777031419281 -2069.8149307536346 140
1777031435874 -2069.8149307536346 141
1777031452419 -2069.8149307536346 142
1777031469095 -2069.8149307536346 143
1777031485748 -2069.8149307536346 144
1777031502296 -2069.8149307536346 145
1777031519004 -2069.8149307536346 146
1777031535499 -2069.8149307536346 147
1777031551743 -2069.8149307536346 148
1777031565198 -2069.8149307536346 149
1777031578674 -2069.8149307536346 150
1777031591931 -2069.8149307536346 151
1777031605291 -2069.8149307536346 152
1777031618482 -2069.8149307536346 153
1777031631840 -2069.8149307536346 154
1777031645383 -2069.8149307536346 155
1777031658749 -2069.8149307536346 156
1777031671752 -2069.8149307536346 157
1777031684930 -2069.8149307536346 158
1777031698273 -2069.8149307536346 159
1777031711729 -2069.8149307536346 160
1777031725061 -2069.8149307536346 161
1777031738223 -2069.8149307536346 162
1777031751424 -2069.8149307536346 163
1777031764724 -2069.8149307536346 164
1777031778045 -2069.8149307536346 165
1777031791492 -2069.8149307536346 166
1777031804884 -2069.8149307536346 167
1777031818269 -2069.8149307536346 168
1777031831572 -2069.8149307536346 169
1777031844640 -2069.8149307536346 170
1777031857916 -2069.8149307536346 171
1777031871609 -1822.85410792286 172
1777031884826 -1822.85410792286 173
1777031898027 -1822.85410792286 174
1777031911319 -1822.85410792286 175
1777031924527 -1736.2225695328598 176
1777031937953 -1736.2225695328598 177
1777031951236 -544.3592444713952 178
1777031964517 -544.3592444713952 179
1777031977886 -544.3592444713952 180
1777031991006 -544.3592444713952 181
1777032004331 -544.3592444713952 182
1777032018002 -360.22584212332634 183
1777032031515 -360.22584212332634 184
1777032044882 -360.22584212332634 185
1777032058251 -360.22584212332634 186
1777032071571 -360.22584212332634 187
1777032084869 -360.22584212332634 188
1777032097972 -360.22584212332634 189
1777032111543 -360.22584212332634 190
1777032124928 -360.22584212332634 191
1777032138252 -360.22584212332634 192
1777032151485 -360.22584212332634 193
1777032164688 -360.22584212332634 194
1777032178013 -360.22584212332634 195
1777032191488 -360.22584212332634 196
1777032204894 -360.22584212332634 197
1777032218032 -360.22584212332634 198
1777032231282 -360.22584212332634 199
1777032244740 -360.22584212332634 200
1777032258318 -360.22584212332634 201
1777032271940 -360.22584212332634 202
1777032285141 -360.22584212332634 203
1777032298618 -360.22584212332634 204
1777032311898 -360.22584212332634 205
1777032325172 -360.22584212332634 206
1777032338507 -360.22584212332634 207
1777032352111 -360.22584212332634 208
1777032365811 -360.22584212332634 209
1777032378681 -360.22584212332634 210
1777032392023 -360.22584212332634 211
1777032405297 -360.22584212332634 212
1777032418804 -360.22584212332634 213
1777032432280 -360.22584212332634 214
1777032445763 -360.22584212332634 215
1777032459196 -360.22584212332634 216
1777032472625 -360.22584212332634 217
1777032486081 -360.22584212332634 218
1777032499521 -360.22584212332634 219
1777032512877 -360.22584212332634 220
1777032526253 -360.22584212332634 221
1777032539779 -360.22584212332634 222
1777032553147 -360.22584212332634 223
1777032566463 -360.22584212332634 224
1777032580042 -360.22584212332634 225
1777032593422 -360.22584212332634 226
1777032606741 -360.22584212332634 227
1777032620008 -360.22584212332634 228
1777032633665 -360.22584212332634 229
1777032647215 -360.22584212332634 230
1777032660750 -360.22584212332634 231
1777032674271 -360.22584212332634 232
1777032687973 -360.22584212332634 233
1777032701348 -360.22584212332634 234
1777032714694 -360.22584212332634 235
1777032728108 -360.22584212332634 236
1777032741504 -310.91415985648626 237
1777032754998 -310.91415985648626 238
1777032768632 -310.91415985648626 239
1777032782397 -310.91415985648626 240
1777032795497 -310.91415985648626 241
1777032808941 -310.91415985648626 242
1777032822242 -310.91415985648626 243
1777032835494 -310.91415985648626 244
1777032849032 -310.91415985648626 245
1777032862370 -310.91415985648626 246
1777032875751 -310.91415985648626 247
1777032889495 -310.91415985648626 248
1777032902980 -310.91415985648626 249
1777032916550 -310.91415985648626 250
1777032930041 -310.91415985648626 251
1777032943499 -310.91415985648626 252
1777032957348 -273.43863234812784 253
1777032970629 -273.43863234812784 254
1777032984084 -273.43863234812784 255
1777032997520 -273.43863234812784 256
1777033010839 -221.16124656092322 257
1777033024381 -221.16124656092322 258
1777033038182 -221.16124656092322 259
1777033051689 -221.16124656092322 260
1777033065206 -221.16124656092322 261
1777033078938 -221.16124656092322 262
1777033092265 -221.16124656092322 263
1777033106007 -221.16124656092322 264
1777033119463 -221.16124656092322 265
1777033132903 -221.16124656092322 266
1777033146596 -221.16124656092322 267
1777033159840 -221.16124656092322 268
1777033173169 -209.6442828068102 269
1777033186683 -209.6442828068102 270
1777033200052 -209.6442828068102 271
1777033213330 -209.6442828068102 272
1777033226598 -209.6442828068102 273
1777033239805 -209.6442828068102 274
1777033253256 -209.6442828068102 275
1777033266413 -209.6442828068102 276
1777033279890 -209.6442828068102 277
1777033293152 -209.6442828068102 278
1777033306568 -209.6442828068102 279
1777033321394 -209.6442828068102 280
1777033337765 -209.6442828068102 281
1777033354104 -209.6442828068102 282
1777033370690 -209.6442828068102 283
1777033387964 -209.6442828068102 284
1777033404528 -209.6442828068102 285
1777033421053 -209.6442828068102 286
1777033438040 -209.6442828068102 287
1777033454828 -209.6442828068102 288
1777033471658 -209.6442828068102 289
1777033487823 -203.68744374866918 290
1777033504014 -203.68744374866918 291
1777033520317 -203.68744374866918 292
1777033536290 -203.68744374866918 293
1777033552385 -203.68744374866918 294
1777033568068 -188.57285271264962 295
1777033583250 -188.57285271264962 296
1777033600426 -188.57285271264962 297
1777033617828 -188.57285271264962 298
1777033634581 -188.57285271264962 299
1777033651907 -188.57285271264962 300
1777033668012 -188.57285271264962 301
1777033684113 -188.57285271264962 302
1777033699453 -188.57285271264962 303
1777033715499 -188.57285271264962 304
1777033730399 -188.57285271264962 305
1777033743781 -188.57285271264962 306
1777033756789 -188.57285271264962 307
1777033770127 -204.6035600843539 308
1777033783535 -204.6035600843539 309
1777033797052 -204.6035600843539 310
1777033810227 -204.6035600843539 311
1777033823649 -204.6035600843539 312
1777033836940 -204.6035600843539 313
1777033850256 -204.6035600843539 314
1777033863622 -204.6035600843539 315
1777033876746 -204.6035600843539 316
1777033890086 -204.6035600843539 317
1777033903559 -204.6035600843539 318
1777033916562 -204.6035600843539 319
1777033929824 -204.6035600843539 320
1777033943680 -204.6035600843539 321
1777033956858 -204.6035600843539 322
1777033970199 -204.6035600843539 323
1777033983564 -213.1735382839224 324
1777033996605 -213.1735382839224 325
1777034009872 -213.1735382839224 326
1777034023096 -391.1259240854216 327
1777034036246 -391.1259240854216 328
1777034049531 -391.1259240854216 329
1777034062850 -391.1259240854216 330
1777034076133 -391.1259240854216 331
1777034089424 -391.1259240854216 332
1777034102595 -391.1259240854216 333
1777034115744 -391.1259240854216 334
1777034129145 -391.1259240854216 335
1777034142396 -391.1259240854216 336
1777034155600 -391.1259240854216 337
1777034169152 -391.1259240854216 338
1777034182472 -391.1259240854216 339
1777034196224 -391.1259240854216 340
1777034209369 -391.1259240854216 341
1777034222719 -391.1259240854216 342
1777034235983 -391.1259240854216 343
1777034249650 -391.1259240854216 344
1777034262896 -391.1259240854216 345
1777034276289 -391.1259240854216 346
1777034289811 -391.1259240854216 347
1777034303188 -391.1259240854216 348
1777034316598 -391.1259240854216 349
1777034330283 -391.1259240854216 350
1777034343688 -391.1259240854216 351
1777034357639 -391.1259240854216 352
1777034370784 -391.1259240854216 353
1777034383956 -391.1259240854216 354
1777034397195 -391.1259240854216 355
1777034410509 -391.1259240854216 356
1777034423831 -391.1259240854216 357
1777034437060 -391.1259240854216 358
1777034450301 -391.1259240854216 359
1777034463611 -391.1259240854216 360
1777034476922 -391.1259240854216 361
1777034490191 -391.1259240854216 362
1777034503383 -391.1259240854216 363
1777034516598 -391.1259240854216 364
1777034529668 -391.1259240854216 365
1777034542796 -391.1259240854216 366
1777034556484 -391.1259240854216 367
1777034569775 -391.1259240854216 368
1777034583052 -391.1259240854216 369
1777034596303 -391.1259240854216 370
1777034609715 -391.1259240854216 371
1777034623027 -391.1259240854216 372
1777034636352 -391.1259240854216 373
1777034649567 -391.1259240854216 374
1777034662678 -391.1259240854216 375
1777034675890 -391.1259240854216 376
1777034688800 -391.1259240854216 377
1777034701984 -391.1259240854216 378
1777034715071 -391.1259240854216 379
1777034728294 -391.1259240854216 380
1777034741632 -337.7445206988217 381
1777034754904 -337.7445206988217 382
1777034768115 -337.7445206988217 383
1777034781379 -337.7445206988217 384
1777034794725 -337.7445206988217 385
1777034807730 -337.7445206988217 386
1777034820856 -337.7445206988217 387
1777034834310 -337.7445206988217 388
1777034847605 -337.7445206988217 389
1777034863009 -337.7445206988217 390
1777034879394 -337.7445206988217 391
1777034895376 -337.7445206988217 392
1777034911049 -337.7445206988217 393
1777034924799 -337.7445206988217 394
1777034938341 -337.7445206988217 395
1777034951881 -337.7445206988217 396
1777034964902 -337.7445206988217 397
1777034978264 -337.7445206988217 398
1777034991498 -337.7445206988217 399
1777035005277 -337.7445206988217 400
1777035018507 -337.7445206988217 401
1777035032203 -337.7445206988217 402
1777035045496 -337.7445206988217 403
1777035058836 -337.7445206988217 404
1777035071946 -337.7445206988217 405
1777035085187 -337.7445206988217 406
1777035098462 -337.7445206988217 407
1777035112158 -337.7445206988217 408
1777035125408 -337.7445206988217 409
1777035139095 -337.7445206988217 410
1777035153022 -337.7445206988217 411
1777035169162 -337.7445206988217 412
1777035185834 -337.7445206988217 413
1777035202822 -337.7445206988217 414
1777035219595 -337.7445206988217 415
1777035235941 -337.7445206988217 416
1777035252606 -337.7445206988217 417
1777035269595 -337.7445206988217 418
1777035286638 -337.7445206988217 419
1777035303571 -337.7445206988217 420
1777035320387 -337.7445206988217 421
1777035337149 -337.7445206988217 422
1777035353921 -337.7445206988217 423
1777035370720 -337.7445206988217 424
1777035387349 -337.7445206988217 425
1777035403904 -337.7445206988217 426
1777035420273 -337.7445206988217 427
1777035436950 -337.7445206988217 428
1777035453488 -337.7445206988217 429
1777035469726 -337.7445206988217 430
1777035485942 -337.7445206988217 431
1777035502153 -337.7445206988217 432
1777035518041 -337.7445206988217 433
1777035534220 -337.7445206988217 434
1777035550135 -337.7445206988217 435
1777035566222 -337.7445206988217 436
1777035582081 -337.7445206988217 437
1777035598175 -337.7445206988217 438
1777035614234 -337.7445206988217 439
