1777029529253 nan 0
1777029531933 nan 1
1777029534650 nan 2
1777029537364 nan 3
1777029540397 nan 4
1777029543206 nan 5
1777029545933 nan 6
1777029548658 nan 7
1777029551369 nan 8
1777029554368 -1727.2646664818624 9
1777029556032 -1727.2646664818624 10
1777029557630 -1727.2646664818624 11
1777029559265 -1727.2646664818624 12
1777029560881 -1727.2646664818624 13
1777029562561 -1727.2646664818624 14
1777029575595 -1727.2646664818624 15
1777029588759 -1727.2646664818624 16
1777029601500 -1727.2646664818624 17
1777029614576 -1727.2646664818624 18
1777029627660 -1727.2646664818624 19
1777029640900 -1727.2646664818624 20
1777029654052 -1727.2646664818624 21
1777029666930 -1727.2646664818624 22
1777029679739 -1727.2646664818624 23
1777029693595 -1727.2646664818624 24
1777029706818 -1727.2646664818624 25
1777029720005 -1727.2646664818624 26
1777029733841 -1727.2646664818624 27
1777029747125 -1727.2646664818624 28
1777029760563 -1727.2646664818624 29
1777029774368 -1727.2646664818624 30
1777029787265 -1727.2646664818624 31
1777029800388 -1727.2646664818624 32
1777029813161 -1727.2646664818624 33
1777029826025 -1727.2646664818624 34
1777029839088 -1727.2646664818624 35
1777029852201 -1727.2646664818624 36
1777029865113 -1727.2646664818624 37
1777029878152 -1727.2646664818624 38
1777029890848 -1727.2646664818624 39
1777029903678 -1727.2646664818624 40
1777029916547 -1727.2646664818624 41
1777029929428 -1727.2646664818624 42
1777029942458 -1727.2646664818624 43
1777029955307 -1727.2646664818624 44
1777029968060 -1727.2646664818624 45
1777029980998 -1727.2646664818624 46
1777029993917 -1727.2646664818624 47
1777030006637 -1727.2646664818624 48
1777030019923 -1727.2646664818624 49
1777030033366 -1727.2646664818624 50
1777030046763 -1727.2646664818624 51
1777030060060 -1727.2646664818624 52
1777030073360 -1727.2646664818624 53
1777030086558 -1727.2646664818624 54
1777030099851 -1727.2646664818624 55
1777030113371 -1727.2646664818624 56
1777030126728 -1727.2646664818624 57
1777030140136 -1727.2646664818624 58
1777030153653 -1718.621115869523 59
1777030166756 -1718.621115869523 60
1777030179850 -1718.621115869523 61
1777030192812 -295.51611614028667 62
1777030205733 -295.51611614028667 63
1777030218544 -295.51611614028667 64
1777030231439 -295.51611614028667 65
1777030244135 -295.51611614028667 66
1777030257002 -295.51611614028667 67
1777030269867 -295.51611614028667 68
1777030282721 -295.51611614028667 69
1777030295743 -295.51611614028667 70
1777030308721 -295.51611614028667 71
1777030322028 -295.51611614028667 72
1777030334921 -295.51611614028667 73
1777030347909 -164.32801514976262 74
1777030360905 -164.32801514976262 75
1777030374090 -164.32801514976262 76
1777030386926 -164.32801514976262 77
1777030399916 -164.32801514976262 78
1777030412884 -164.32801514976262 79
1777030426709 -164.32801514976262 80
1777030440059 -164.32801514976262 81
1777030453170 -164.32801514976262 82
1777030468297 -164.32801514976262 83
1777030484124 -164.32801514976262 84
1777030500396 -164.32801514976262 85
1777030516802 -164.32801514976262 86
1777030533144 -164.32801514976262 87
1777030549814 -164.32801514976262 88
1777030566325 -164.32801514976262 89
1777030582184 -164.32801514976262 90
1777030598783 -164.32801514976262 91
1777030615198 -164.32801514976262 92
1777030631513 -164.32801514976262 93
1777030647862 -164.32801514976262 94
1777030663999 -164.32801514976262 95
1777030679998 -106.37724417199416 96
1777030695625 -106.37724417199416 97
1777030711191 -106.37724417199416 98
1777030726582 -106.37724417199416 99
1777030742708 -106.37724417199416 100
1777030762327 -47.41069055906453 101
1777030778699 9.844393685826006 102
1777030794703 9.844393685826006 103
1777030811149 9.844393685826006 104
1777030827596 9.844393685826006 105
1777030843492 9.844393685826006 106
1777030862096 9.844393685826006 107
1777030879752 21.977470109372366 108
1777030895065 21.977470109372366 109
1777030911198 21.977470109372366 110
1777030926880 21.977470109372366 111
1777030944490 21.977470109372366 112
1777030960811 21.977470109372366 113
1777030977637 21.977470109372366 114
1777030994201 21.977470109372366 115
1777031010687 21.977470109372366 116
1777031027315 21.977470109372366 117
1777031044075 27.360069626252983 118
1777031060928 27.360069626252983 119
1777031077895 27.360069626252983 120
1777031094963 27.360069626252983 121
1777031112352 27.360069626252983 122
1777031129674 27.360069626252983 123
1777031146665 27.360069626252983 124
1777031163393 58.62141858658401 125
1777031180219 58.62141858658401 126
1777031197091 58.62141858658401 127
1777031214021 58.62141858658401 128
1777031230880 58.62141858658401 129
1777031247780 86.97736476687437 130
1777031264884 86.97736476687437 131
1777031281844 89.66743904030633 132
1777031298553 89.66743904030633 133
1777031315716 101.57586397334916 134
1777031332874 101.57586397334916 135
1777031350314 101.57586397334916 136
1777031367501 101.57586397334916 137
1777031384751 101.57586397334916 138
1777031402337 101.57586397334916 139
1777031419281 101.57586397334916 140
1777031435874 102.7980699733257 141
1777031452419 102.7980699733257 142
1777031469095 102.7980699733257 143
1777031485748 102.7980699733257 144
1777031502296 102.7980699733257 145
1777031519004 102.7980699733257 146
1777031535499 102.7980699733257 147
1777031551743 102.7980699733257 148
1777031565198 102.7980699733257 149
1777031578674 102.7980699733257 150
1777031591931 102.7980699733257 151
1777031605291 102.7980699733257 152
1777031618482 102.7980699733257 153
1777031631840 102.7980699733257 154
1777031645383 102.7980699733257 155
1777031658749 102.7980699733257 156
1777031671752 102.7980699733257 157
1777031684930 102.7980699733257 158
1777031698273 102.7980699733257 159
1777031711729 102.7980699733257 160
1777031725061 102.7980699733257 161
1777031738223 102.7980699733257 162
1777031751424 102.7980699733257 163
1777031764724 102.7980699733257 164
1777031778045 102.7980699733257 165
1777031791492 102.7980699733257 166
1777031804884 102.7980699733257 167
1777031818269 102.7980699733257 168
1777031831572 102.7980699733257 169
1777031844640 102.7980699733257 170
1777031857916 102.7980699733257 171
1777031871609 102.7980699733257 172
1777031884826 102.7980699733257 173
1777031898027 102.7980699733257 174
1777031911319 102.7980699733257 175
1777031924527 102.7980699733257 176
1777031937953 102.7980699733257 177
1777031951236 102.7980699733257 178
1777031964517 102.7980699733257 179
1777031977886 102.7980699733257 180
1777031991006 102.7980699733257 181
1777032004331 102.7980699733257 182
1777032018002 102.7980699733257 183
1777032031515 102.7980699733257 184
1777032044882 102.7980699733257 185
1777032058251 102.7980699733257 186
1777032071571 102.7980699733257 187
1777032084869 102.7980699733257 188
1777032097972 102.7980699733257 189
1777032111543 102.7980699733257 190
1777032124928 102.7980699733257 191
1777032138252 102.7980699733257 192
1777032151485 102.7980699733257 193
1777032164688 102.7980699733257 194
1777032178013 103.72506216308552 195
1777032191488 103.72506216308552 196
1777032204894 103.72506216308552 197
1777032218032 103.72506216308552 198
1777032231282 103.72506216308552 199
1777032244740 103.72506216308552 200
1777032258318 103.72506216308552 201
1777032271940 103.72506216308552 202
1777032285141 103.72506216308552 203
1777032298618 103.72506216308552 204
1777032311898 103.72506216308552 205
1777032325172 103.72506216308552 206
1777032338507 103.72506216308552 207
1777032352111 103.72506216308552 208
1777032365811 103.72506216308552 209
1777032378681 103.72506216308552 210
1777032392023 103.72506216308552 211
1777032405297 103.72506216308552 212
1777032418804 103.72506216308552 213
1777032432280 103.72506216308552 214
1777032445763 103.72506216308552 215
1777032459196 103.72506216308552 216
1777032472625 103.72506216308552 217
1777032486081 103.72506216308552 218
1777032499521 103.72506216308552 219
1777032512877 103.72506216308552 220
1777032526253 103.72506216308552 221
1777032539779 103.72506216308552 222
1777032553147 103.72506216308552 223
1777032566463 103.72506216308552 224
1777032580042 103.72506216308552 225
1777032593422 103.72506216308552 226
1777032606741 103.72506216308552 227
1777032620008 103.72506216308552 228
1777032633665 103.72506216308552 229
1777032647215 103.72506216308552 230
1777032660750 103.72506216308552 231
1777032674271 103.72506216308552 232
1777032687973 103.72506216308552 233
1777032701348 103.72506216308552 234
1777032714694 103.72506216308552 235
1777032728108 113.14684335261157 236
1777032741504 113.14684335261157 237
1777032754998 113.14684335261157 238
1777032768632 113.14684335261157 239
1777032782397 113.14684335261157 240
1777032795497 113.14684335261157 241
1777032808941 113.14684335261157 242
1777032822242 113.14684335261157 243
1777032835494 113.14684335261157 244
1777032849032 113.14684335261157 245
1777032862370 113.14684335261157 246
1777032875751 113.14684335261157 247
1777032889495 113.14684335261157 248
1777032902980 113.14684335261157 249
1777032916550 113.14684335261157 250
1777032930041 113.14684335261157 251
1777032943499 113.14684335261157 252
1777032957348 113.14684335261157 253
1777032970629 113.14684335261157 254
1777032984084 113.14684335261157 255
1777032997520 113.14684335261157 256
1777033010839 113.14684335261157 257
1777033024381 113.14684335261157 258
1777033038182 113.14684335261157 259
1777033051689 113.14684335261157 260
1777033065206 113.14684335261157 261
1777033078938 113.14684335261157 262
1777033092265 113.14684335261157 263
1777033106007 113.14684335261157 264
1777033119463 113.14684335261157 265
1777033132903 113.14684335261157 266
1777033146596 113.14684335261157 267
1777033159840 113.14684335261157 268
1777033173169 113.14684335261157 269
1777033186683 113.14684335261157 270
1777033200052 113.14684335261157 271
1777033213330 113.14684335261157 272
1777033226598 113.14684335261157 273
1777033239805 113.14684335261157 274
1777033253256 113.14684335261157 275
1777033266413 113.14684335261157 276
1777033279890 113.14684335261157 277
1777033293152 113.14684335261157 278
1777033306568 113.14684335261157 279
1777033321394 113.14684335261157 280
1777033337765 113.14684335261157 281
1777033354104 113.14684335261157 282
1777033370690 113.14684335261157 283
1777033387964 113.14684335261157 284
1777033404528 113.14684335261157 285
1777033421053 113.14684335261157 286
1777033438040 113.14684335261157 287
1777033454828 113.14684335261157 288
1777033471658 119.00774081349826 289
1777033487823 119.00774081349826 290
1777033504014 119.00774081349826 291
1777033520317 119.00774081349826 292
1777033536290 119.00774081349826 293
1777033552385 119.00774081349826 294
1777033568068 119.00774081349826 295
1777033583250 119.00774081349826 296
1777033600426 119.00774081349826 297
1777033617828 119.00774081349826 298
1777033634581 119.00774081349826 299
1777033651907 119.00774081349826 300
1777033668012 119.00774081349826 301
1777033684113 119.00774081349826 302
1777033699453 119.00774081349826 303
1777033715499 119.00774081349826 304
1777033730399 119.00774081349826 305
1777033743781 119.00774081349826 306
1777033756789 119.00774081349826 307
1777033770127 119.00774081349826 308
1777033783535 119.00774081349826 309
1777033797052 119.00774081349826 310
1777033810227 119.00774081349826 311
1777033823649 119.00774081349826 312
1777033836940 119.00774081349826 313
1777033850256 119.00774081349826 314
1777033863622 119.00774081349826 315
1777033876746 119.00774081349826 316
1777033890086 119.00774081349826 317
1777033903559 119.00774081349826 318
1777033916562 119.00774081349826 319
1777033929824 119.00774081349826 320
1777033943680 119.00774081349826 321
1777033956858 119.00774081349826 322
1777033970199 119.00774081349826 323
1777033983564 119.00774081349826 324
1777033996605 119.00774081349826 325
1777034009872 119.00774081349826 326
1777034023096 119.00774081349826 327
1777034036246 119.00774081349826 328
1777034049531 119.00774081349826 329
1777034062850 119.00774081349826 330
1777034076133 119.00774081349826 331
1777034089424 119.00774081349826 332
1777034102595 119.00774081349826 333
1777034115744 119.00774081349826 334
1777034129145 119.00774081349826 335
1777034142396 119.00774081349826 336
1777034155600 119.00774081349826 337
1777034169152 119.00774081349826 338
1777034182472 119.00774081349826 339
1777034196224 119.00774081349826 340
1777034209369 119.00774081349826 341
1777034222719 119.00774081349826 342
1777034235983 119.00774081349826 343
1777034249650 116.07450852867221 344
1777034262896 116.07450852867221 345
1777034276289 116.07450852867221 346
1777034289811 116.07450852867221 347
1777034303188 116.07450852867221 348
1777034316598 116.07450852867221 349
1777034330283 116.07450852867221 350
1777034343688 116.07450852867221 351
1777034357639 116.07450852867221 352
1777034370784 116.07450852867221 353
1777034383956 116.07450852867221 354
1777034397195 116.07450852867221 355
1777034410509 116.07450852867221 356
1777034423831 116.07450852867221 357
1777034437060 116.07450852867221 358
1777034450301 116.07450852867221 359
1777034463611 116.07450852867221 360
1777034476922 116.07450852867221 361
1777034490191 116.07450852867221 362
1777034503383 116.07450852867221 363
1777034516598 116.07450852867221 364
1777034529668 116.07450852867221 365
1777034542796 116.07450852867221 366
1777034556484 116.07450852867221 367
1777034569775 116.07450852867221 368
1777034583052 116.07450852867221 369
1777034596303 116.07450852867221 370
1777034609715 116.07450852867221 371
1777034623027 116.07450852867221 372
1777034636352 116.07450852867221 373
1777034649567 116.07450852867221 374
1777034662678 116.07450852867221 375
1777034675890 116.07450852867221 376
1777034688800 116.07450852867221 377
1777034701984 116.07450852867221 378
1777034715071 116.07450852867221 379
1777034728294 116.07450852867221 380
1777034741632 116.07450852867221 381
1777034754904 116.07450852867221 382
1777034768115 116.07450852867221 383
1777034781379 116.07450852867221 384
1777034794725 116.07450852867221 385
1777034807730 116.07450852867221 386
1777034820856 116.07450852867221 387
1777034834310 116.07450852867221 388
1777034847605 116.07450852867221 389
1777034863009 116.07450852867221 390
1777034879394 116.07450852867221 391
1777034895376 116.07450852867221 392
1777034911049 116.07450852867221 393
1777034924799 116.07450852867221 394
1777034938341 116.07450852867221 395
1777034951881 116.07450852867221 396
1777034964902 116.07450852867221 397
1777034978264 116.07450852867221 398
1777034991498 116.07450852867221 399
1777035005277 116.07450852867221 400
1777035018507 110.58366080088146 401
1777035032203 110.58366080088146 402
1777035045496 110.58366080088146 403
1777035058836 110.58366080088146 404
1777035071946 110.58366080088146 405
1777035085187 110.58366080088146 406
1777035098462 110.58366080088146 407
1777035112158 110.58366080088146 408
1777035125408 110.58366080088146 409
1777035139095 110.58366080088146 410
1777035153022 110.58366080088146 411
1777035169162 110.58366080088146 412
1777035185834 110.58366080088146 413
1777035202822 110.58366080088146 414
1777035219595 110.58366080088146 415
1777035235941 110.58366080088146 416
1777035252606 110.58366080088146 417
1777035269595 110.58366080088146 418
1777035286638 110.58366080088146 419
1777035303571 110.58366080088146 420
1777035320387 110.58366080088146 421
1777035337149 110.58366080088146 422
1777035353921 110.58366080088146 423
1777035370720 110.58366080088146 424
1777035387349 110.58366080088146 425
1777035403904 110.58366080088146 426
1777035420273 110.58366080088146 427
1777035436950 110.58366080088146 428
1777035453488 110.58366080088146 429
1777035469726 110.58366080088146 430
1777035485942 110.58366080088146 431
1777035502153 110.58366080088146 432
1777035518041 110.58366080088146 433
1777035534220 110.58366080088146 434
1777035550135 110.58366080088146 435
1777035566222 110.58366080088146 436
1777035582081 110.58366080088146 437
1777035598175 110.58366080088146 438
1777035614234 110.58366080088146 439
