1777029529253 nan 0
1777029531933 nan 1
1777029534650 nan 2
1777029537364 nan 3
1777029540397 nan 4
1777029543206 nan 5
1777029545933 nan 6
1777029548658 nan 7
1777029551369 nan 8
1777029554368 1000.0 9
1777029556032 1000.0 10
1777029557630 1000.0 11
1777029559265 1000.0 12
1777029560881 1000.0 13
1777029562561 1000.0 14
1777029575595 1000.0 15
1777029588759 1000.0 16
1777029601500 1000.0 17
1777029614576 1000.0 18
1777029627660 1000.0 19
1777029640900 1000.0 20
1777029654052 1000.0 21
1777029666930 1000.0 22
1777029679739 1000.0 23
1777029693595 1000.0 24
1777029706818 1000.0 25
1777029720005 1000.0 26
1777029733841 1000.0 27
1777029747125 1000.0 28
1777029760563 1000.0 29
1777029774368 1000.0 30
1777029787265 1000.0 31
1777029800388 1000.0 32
1777029813161 1000.0 33
1777029826025 1000.0 34
1777029839088 1000.0 35
1777029852201 1000.0 36
1777029865113 1000.0 37
1777029878152 1000.0 38
1777029890848 1000.0 39
1777029903678 1000.0 40
1777029916547 1000.0 41
1777029929428 1000.0 42
1777029942458 1000.0 43
1777029955307 1000.0 44
1777029968060 1000.0 45
1777029980998 1000.0 46
1777029993917 1000.0 47
1777030006637 1000.0 48
1777030019923 1000.0 49
1777030033366 1000.0 50
1777030046763 1000.0 51
1777030060060 1000.0 52
1777030073360 1000.0 53
1777030086558 1000.0 54
1777030099851 1000.0 55
1777030113371 1000.0 56
1777030126728 1000.0 57
1777030140136 1000.0 58
1777030153653 1000.0 59
1777030166756 1000.0 60
1777030179850 1000.0 61
1777030192812 897.2857142857143 62
1777030205733 897.2857142857143 63
1777030218544 897.2857142857143 64
1777030231439 897.2857142857143 65
1777030244135 897.2857142857143 66
1777030257002 897.2857142857143 67
1777030269867 897.2857142857143 68
1777030282721 897.2857142857143 69
1777030295743 897.2857142857143 70
1777030308721 897.2857142857143 71
1777030322028 910.125 72
1777030334921 910.125 73
1777030347909 826.8888888888889 74
1777030360905 826.8888888888889 75
1777030374090 826.8888888888889 76
1777030386926 826.8888888888889 77
1777030399916 826.8888888888889 78
1777030412884 826.8888888888889 79
1777030426709 826.8888888888889 80
1777030440059 826.8888888888889 81
1777030453170 826.8888888888889 82
1777030468297 826.8888888888889 83
1777030484124 844.2 84
1777030500396 844.2 85
1777030516802 844.2 86
1777030533144 844.2 87
1777030549814 844.2 88
1777030566325 815.0 89
1777030582184 815.0 90
1777030598783 766.0 91
1777030615198 766.0 92
1777030631513 766.0 93
1777030647862 729.0 94
1777030663999 729.0 95
1777030679998 691.6428571428571 96
1777030695625 691.6428571428571 97
1777030711191 691.6428571428571 98
1777030726582 691.6428571428571 99
1777030742708 670.3333333333334 100
1777030762327 634.6875 101
1777030778699 604.4117647058823 102
1777030794703 604.4117647058823 103
1777030811149 579.2777777777778 104
1777030827596 555.6315789473684 105
1777030843492 532.5 106
1777030862096 512.7142857142857 107
1777030879752 494.09090909090907 108
1777030895065 477.6521739130435 109
1777030911198 477.6521739130435 110
1777030926880 464.5 111
1777030944490 450.04 112
1777030960811 436.0 113
1777030977637 423.9259259259259 114
1777030994201 412.35714285714283 115
1777031010687 402.0689655172414 116
1777031027315 391.2 117
1777031044075 370.96875 118
1777031060928 363.1212121212121 119
1777031077895 363.1212121212121 120
1777031094963 356.3235294117647 121
1777031112352 348.8 122
1777031129674 341.72222222222223 123
1777031146665 328.1842105263158 124
1777031163393 314.925 125
1777031180219 308.9268292682927 126
1777031197091 303.23809523809524 127
1777031214021 293.15909090909093 128
1777031230880 288.4222222222222 129
1777031247780 278.4468085106383 130
1777031264884 274.2291666666667 131
1777031281844 265.98 132
1777031298553 261.8235294117647 133
1777031315716 254.35849056603774 134
1777031332874 250.90740740740742 135
1777031350314 244.64285714285714 136
1777031367501 241.3859649122807 137
1777031384751 235.16949152542372 138
1777031402337 232.4 139
1777031419281 226.75806451612902 140
1777031435874 221.65625 141
1777031452419 219.33846153846153 142
1777031469095 216.93939393939394 143
1777031485748 213.05882352941177 144
1777031502296 211.1014492753623 145
1777031519004 206.92957746478874 146
1777031535499 204.875 147
1777031551743 201.06756756756758 148
1777031565198 199.22666666666666 149
1777031578674 195.45454545454547 150
1777031591931 191.9620253164557 151
1777031605291 188.679012345679 152
1777031618482 187.1951219512195 153
1777031631840 186.0843373493976 154
1777031645383 183.3764705882353 155
1777031658749 182.3139534883721 156
1777031671752 182.3139534883721 157
1777031684930 182.01149425287358 158
1777031698273 179.56179775280899 159
1777031711729 178.7888888888889 160
1777031725061 177.73626373626374 161
1777031738223 177.0108695652174 162
1777031751424 175.83870967741936 163
1777031764724 174.9468085106383 164
1777031778045 174.31578947368422 165
1777031791492 173.54166666666666 166
1777031804884 172.63917525773195 167
1777031818269 170.5151515151515 168
1777031831572 169.51 169
1777031844640 150.72 170
1777031857916 150.72 171
1777031871609 132.98 172
1777031884826 123.77 173
1777031898027 114.84 174
1777031911319 112.93 175
1777031924527 103.83 176
1777031937953 103.14 177
1777031951236 93.94 178
1777031964517 89.83 179
1777031977886 88.63 180
1777031991006 86.94 181
1777032004331 85.55 182
1777032018002 82.97 183
1777032031515 82.78 184
1777032044882 81.5 185
1777032058251 81.13 186
1777032071571 81.14 187
1777032084869 81.33 188
1777032097972 81.33 189
1777032111543 81.06 190
1777032124928 80.21 191
1777032138252 80.0 192
1777032151485 80.06 193
1777032164688 80.2 194
1777032178013 79.87 195
1777032191488 79.85 196
1777032204894 79.97 197
1777032218032 80.07 198
1777032231282 79.92 199
1777032244740 79.55 200
1777032258318 79.28 201
1777032271940 78.73 202
1777032285141 79.08 203
1777032298618 79.35 204
1777032311898 79.21 205
1777032325172 79.49 206
1777032338507 79.22 207
1777032352111 79.17 208
1777032365811 79.26 209
1777032378681 79.52 210
1777032392023 79.3 211
1777032405297 79.44 212
1777032418804 79.42 213
1777032432280 79.48 214
1777032445763 79.35 215
1777032459196 79.41 216
1777032472625 79.35 217
1777032486081 79.63 218
1777032499521 79.86 219
1777032512877 80.03 220
1777032526253 80.04 221
1777032539779 79.9 222
1777032553147 79.6 223
1777032566463 79.58 224
1777032580042 79.36 225
1777032593422 79.28 226
1777032606741 79.6 227
1777032620008 79.64 228
1777032633665 79.6 229
1777032647215 79.89 230
1777032660750 79.87 231
1777032674271 80.45 232
1777032687973 80.41 233
1777032701348 80.14 234
1777032714694 80.08 235
1777032728108 79.83 236
1777032741504 78.7 237
1777032754998 78.73 238
1777032768632 77.81 239
1777032782397 77.26 240
1777032795497 77.21 241
1777032808941 76.04 242
1777032822242 75.68 243
1777032835494 75.77 244
1777032849032 75.61 245
1777032862370 74.73 246
1777032875751 74.04 247
1777032889495 73.03 248
1777032902980 72.22 249
1777032916550 72.14 250
1777032930041 71.01 251
1777032943499 70.26 252
1777032957348 69.97 253
1777032970629 69.41 254
1777032984084 68.77 255
1777032997520 67.71 256
1777033010839 66.77 257
1777033024381 66.32 258
1777033038182 65.21 259
1777033051689 64.47 260
1777033065206 64.39 261
1777033078938 63.77 262
1777033092265 62.86 263
1777033106007 62.44 264
1777033119463 61.44 265
1777033132903 61.4 266
1777033146596 60.79 267
1777033159840 60.89 268
1777033173169 60.67 269
1777033186683 60.44 270
1777033200052 60.05 271
1777033213330 59.95 272
1777033226598 60.16 273
1777033239805 59.93 274
1777033253256 59.54 275
1777033266413 59.37 276
1777033279890 59.23 277
1777033293152 58.66 278
1777033306568 58.33 279
1777033321394 58.47 280
1777033337765 58.24 281
1777033354104 57.89 282
1777033370690 58.13 283
1777033387964 58.09 284
1777033404528 57.55 285
1777033421053 57.53 286
1777033438040 57.29 287
1777033454828 57.38 288
1777033471658 56.6 289
1777033487823 56.35 290
1777033504014 55.76 291
1777033520317 55.77 292
1777033536290 55.4 293
1777033552385 55.54 294
1777033568068 55.57 295
1777033583250 55.05 296
1777033600426 55.05 297
1777033617828 54.73 298
1777033634581 54.5 299
1777033651907 54.59 300
1777033668012 54.52 301
1777033684113 54.86 302
1777033699453 55.15 303
1777033715499 55.2 304
1777033730399 55.09 305
1777033743781 55.1 306
1777033756789 55.39 307
1777033770127 55.32 308
1777033783535 55.45 309
1777033797052 55.73 310
1777033810227 55.7 311
1777033823649 55.67 312
1777033836940 55.46 313
1777033850256 55.66 314
1777033863622 56.06 315
1777033876746 56.18 316
1777033890086 56.04 317
1777033903559 56.4 318
1777033916562 56.69 319
1777033929824 56.79 320
1777033943680 57.14 321
1777033956858 57.2 322
1777033970199 57.18 323
1777033983564 57.29 324
1777033996605 56.81 325
1777034009872 57.04 326
1777034023096 57.76 327
1777034036246 57.75 328
1777034049531 57.81 329
1777034062850 57.35 330
1777034076133 57.09 331
1777034089424 57.02 332
1777034102595 56.95 333
1777034115744 56.92 334
1777034129145 57.33 335
1777034142396 57.62 336
1777034155600 57.29 337
1777034169152 57.25 338
1777034182472 57.24 339
1777034196224 56.71 340
1777034209369 56.34 341
1777034222719 56.13 342
1777034235983 55.63 343
1777034249650 54.94 344
1777034262896 54.63 345
1777034276289 54.69 346
1777034289811 54.62 347
1777034303188 54.5 348
1777034316598 54.72 349
1777034330283 54.92 350
1777034343688 54.97 351
1777034357639 55.27 352
1777034370784 55.22 353
1777034383956 55.17 354
1777034397195 55.01 355
1777034410509 54.51 356
1777034423831 54.33 357
1777034437060 54.13 358
1777034450301 54.16 359
1777034463611 54.6 360
1777034476922 54.33 361
1777034490191 53.9 362
1777034503383 53.88 363
1777034516598 53.88 364
1777034529668 55.16 365
1777034542796 55.39 366
1777034556484 55.32 367
1777034569775 55.29 368
1777034583052 55.12 369
1777034596303 54.61 370
1777034609715 54.36 371
1777034623027 53.99 372
1777034636352 53.75 373
1777034649567 53.47 374
1777034662678 53.49 375
1777034675890 54.22 376
1777034688800 54.13 377
1777034701984 54.29 378
1777034715071 54.17 379
1777034728294 53.98 380
1777034741632 53.53 381
1777034754904 53.5 382
1777034768115 53.99 383
1777034781379 54.54 384
1777034794725 54.69 385
1777034807730 54.84 386
1777034820856 54.89 387
1777034834310 55.31 388
1777034847605 55.43 389
1777034863009 55.07 390
1777034879394 54.83 391
1777034895376 55.22 392
1777034911049 55.2 393
1777034924799 55.27 394
1777034938341 55.65 395
1777034951881 56.0 396
1777034964902 56.0 397
1777034978264 57.05 398
1777034991498 57.19 399
1777035005277 57.57 400
1777035018507 57.87 401
1777035032203 58.3 402
1777035045496 58.52 403
1777035058836 58.65 404
1777035071946 58.92 405
1777035085187 59.02 406
1777035098462 59.21 407
1777035112158 58.46 408
1777035125408 58.73 409
1777035139095 58.41 410
1777035153022 58.7 411
1777035169162 58.89 412
1777035185834 59.01 413
1777035202822 59.19 414
1777035219595 59.4 415
1777035235941 59.47 416
1777035252606 59.91 417
1777035269595 60.21 418
1777035286638 59.61 419
1777035303571 59.77 420
1777035320387 59.87 421
1777035337149 60.21 422
1777035353921 60.32 423
1777035370720 58.41 424
1777035387349 58.81 425
1777035403904 58.99 426
1777035420273 59.09 427
1777035436950 59.56 428
1777035453488 59.73 429
1777035469726 59.9 430
1777035485942 59.96 431
1777035502153 60.09 432
1777035518041 60.09 433
1777035534220 60.09 434
1777035550135 60.09 435
1777035566222 60.09 436
1777035582081 60.09 437
1777035598175 60.09 438
1777035614234 60.09 439
