1777029529253 nan 0
1777029531933 nan 1
1777029534650 nan 2
1777029537364 nan 3
1777029540397 nan 4
1777029543206 nan 5
1777029545933 nan 6
1777029548658 nan 7
1777029551369 nan 8
1777029554368 -1727.2646664818624 9
1777029556032 -1727.2646664818624 10
1777029557630 -1727.2646664818624 11
1777029559265 -1727.2646664818624 12
1777029560881 -1727.2646664818624 13
1777029562561 -1727.2646664818624 14
1777029575595 -1727.2646664818624 15
1777029588759 -1727.2646664818624 16
1777029601500 -1727.2646664818624 17
1777029614576 -1727.2646664818624 18
1777029627660 -1733.7418383407403 19
1777029640900 -1733.7418383407403 20
1777029654052 -1733.7418383407403 21
1777029666930 -1733.7418383407403 22
1777029679739 -1733.7418383407403 23
1777029693595 -1733.7418383407403 24
1777029706818 -1733.7418383407403 25
1777029720005 -1733.7418383407403 26
1777029733841 -1733.7418383407403 27
1777029747125 -1733.7418383407403 28
1777029760563 -1845.766202478372 29
1777029774368 -1845.766202478372 30
1777029787265 -1845.766202478372 31
1777029800388 -1845.766202478372 32
1777029813161 -1845.766202478372 33
1777029826025 -1845.766202478372 34
1777029839088 -1845.766202478372 35
1777029852201 -1845.766202478372 36
1777029865113 -1845.766202478372 37
1777029878152 -1845.766202478372 38
1777029890848 -1819.7997974632738 39
1777029903678 -1819.7997974632738 40
1777029916547 -1819.7997974632738 41
1777029929428 -1819.7997974632738 42
1777029942458 -1819.7997974632738 43
1777029955307 -1819.7997974632738 44
1777029968060 -1819.7997974632738 45
1777029980998 -1819.7997974632738 46
1777029993917 -1819.7997974632738 47
1777030006637 -1819.7997974632738 48
1777030019923 -1809.5862384282937 49
1777030033366 -1809.5862384282937 50
1777030046763 -1809.5862384282937 51
1777030060060 -1809.5862384282937 52
1777030073360 -1809.5862384282937 53
1777030086558 -1809.5862384282937 54
1777030099851 -1809.5862384282937 55
1777030113371 -1809.5862384282937 56
1777030126728 -1809.5862384282937 57
1777030140136 -1809.5862384282937 58
1777030153653 -1794.4253846684985 59
1777030166756 -1794.4253846684985 60
1777030179850 -1794.4253846684985 61
1777030192812 -1580.295489164468 62
1777030205733 -1580.295489164468 63
1777030218544 -1580.295489164468 64
1777030231439 -1580.295489164468 65
1777030244135 -1580.295489164468 66
1777030257002 -1580.295489164468 67
1777030269867 -1580.295489164468 68
1777030282721 -1580.295489164468 69
1777030295743 -1580.295489164468 70
1777030308721 -1580.295489164468 71
1777030322028 -1610.6153165092671 72
1777030334921 -1610.6153165092671 73
1777030347909 -1449.916727469322 74
1777030360905 -1449.916727469322 75
1777030374090 -1449.916727469322 76
1777030386926 -1449.916727469322 77
1777030399916 -1449.916727469322 78
1777030412884 -1449.916727469322 79
1777030426709 -1449.916727469322 80
1777030440059 -1449.916727469322 81
1777030453170 -1449.916727469322 82
1777030468297 -1449.916727469322 83
1777030484124 -1478.547311675676 84
1777030500396 -1478.547311675676 85
1777030516802 -1478.547311675676 86
1777030533144 -1478.547311675676 87
1777030549814 -1478.547311675676 88
1777030566325 -1393.3124394450715 89
1777030582184 -1393.3124394450715 90
1777030598783 -1301.1814012939333 91
1777030615198 -1301.1814012939333 92
1777030631513 -1301.1814012939333 93
1777030647862 -1216.973678363022 94
1777030663999 -1216.973678363022 95
1777030679998 -1137.6453616350914 96
1777030695625 -1137.6453616350914 97
1777030711191 -1137.6453616350914 98
1777030726582 -1137.6453616350914 99
1777030742708 -1098.0929538241783 100
1777030762327 -1032.4253123701087 101
1777030778699 -971.115329660936 102
1777030794703 -971.115329660936 103
1777030811149 -920.380706639447 104
1777030827596 -883.3936631866753 105
1777030843492 -838.781718337342 106
1777030862096 -798.9468715767805 107
1777030879752 -761.6321287728643 108
1777030895065 -729.072515399789 109
1777030911198 -729.072515399789 110
1777030926880 -708.6346987401081 111
1777030944490 -681.2538449080768 112
1777030960811 -662.2942308867028 113
1777030977637 -647.4582037520274 114
1777030994201 -633.831119605437 115
1777031010687 -620.5191780545355 116
1777031027315 -599.5373601995954 117
1777031044075 -565.130246444726 118
1777031060928 -551.1536350042625 119
1777031077895 -551.1536350042625 120
1777031094963 -544.7319210844414 121
1777031112352 -530.7582549057869 122
1777031129674 -517.4266365911946 123
1777031146665 -497.0730910356367 124
1777031163393 -475.4325435974588 125
1777031180219 -463.301794744799 126
1777031197091 -456.10665803877646 127
1777031214021 -439.7680094846761 128
1777031230880 -429.97710779622196 129
1777031247780 -408.29871587323663 130
1777031264884 -399.75879080142585 131
1777031281844 -381.1255787877294 132
1777031298553 -372.96753664435533 133
1777031315716 -356.18836148098364 134
1777031332874 -349.34062198885283 135
1777031350314 -340.46780217868024 136
1777031367501 -333.575160400487 137
1777031384751 -320.9061001739555 138
1777031402337 -318.9048353988575 139
1777031419281 -307.6416895731441 140
1777031435874 -298.1517634108608 141
1777031452419 -293.0900962412568 142
1777031469095 -288.8337061272489 143
1777031485748 -281.2537614348578 144
1777031502296 -277.02950917324813 145
1777031519004 -271.1237640847922 146
1777031535499 -268.8558467298174 147
1777031551743 -261.08089706692533 148
1777031565198 -259.637570368325 149
1777031578674 -254.04407389587618 150
1777031591931 -248.6525084483929 151
1777031605291 -240.8440593226615 152
1777031618482 -239.35571521101502 153
1777031631840 -239.1002178835728 154
1777031645383 -233.45267683563938 155
1777031658749 -230.94009003661606 156
1777031671752 -230.94009003661606 157
1777031684930 -232.42613316404953 158
1777031698273 -229.44071514343352 159
1777031711729 -227.54809839833797 160
1777031725061 -225.22786707664085 161
1777031738223 -223.69019577976752 162
1777031751424 -220.58257211316942 163
1777031764724 -219.0035287732555 164
1777031778045 -217.49975829668844 165
1777031791492 -215.986298033915 166
1777031804884 -213.17358534651058 167
1777031818269 -210.2793688062001 168
1777031831572 -207.514996343231 169
1777031844640 -173.56052153051064 170
1777031857916 -173.56052153051064 171
1777031871609 -137.23645760894377 172
1777031884826 -119.49597100846871 173
1777031898027 -102.91967420257673 174
1777031911319 -99.46908842528055 175
1777031924527 -81.62508226452601 176
1777031937953 -80.64181411338714 177
1777031951236 -63.28649673740742 178
1777031964517 -58.360038843407644 179
1777031977886 -56.18425613811103 180
1777031991006 -55.91458775841491 181
1777032004331 -56.78674236186569 182
1777032018002 -54.45229151571662 183
1777032031515 -53.98206800767934 184
1777032044882 -55.50361438584141 185
1777032058251 -53.005050270096035 186
1777032071571 -53.700829881264454 187
1777032084869 -54.46794081537034 188
1777032097972 -54.46794081537034 189
1777032111543 -56.760529997780765 190
1777032124928 -54.31552892391446 191
1777032138252 -53.75654932801949 192
1777032151485 -51.98835451869004 193
1777032164688 -50.34730785010106 194
1777032178013 -46.65105875199524 195
1777032191488 -45.005439754038335 196
1777032204894 -45.38619147419714 197
1777032218032 -45.330340264181004 198
1777032231282 -44.40355223394376 199
1777032244740 -41.627740767347206 200
1777032258318 -40.220336124710364 201
1777032271940 -37.826810622876344 202
1777032285141 -38.510812384850716 203
1777032298618 -38.53720354537854 204
1777032311898 -36.54127156202775 205
1777032325172 -34.685460279168254 206
1777032338507 -32.85732412069021 207
1777032352111 -36.43143032157251 208
1777032365811 -36.22656748804784 209
1777032378681 -38.840098663259404 210
1777032392023 -37.86656079898399 211
1777032405297 -40.166099605873484 212
1777032418804 -41.643857449775744 213
1777032432280 -42.619595630130924 214
1777032445763 -39.634382784768896 215
1777032459196 -40.32241894077704 216
1777032472625 -41.92556576648498 217
1777032486081 -42.2741002477178 218
1777032499521 -40.233698903426756 219
1777032512877 -40.818697721895845 220
1777032526253 -41.36708982388277 221
1777032539779 -40.72322572908768 222
1777032553147 -38.993561727358575 223
1777032566463 -38.89579459879474 224
1777032580042 -35.326815625307695 225
1777032593422 -36.16595395644406 226
1777032606741 -37.05776629389021 227
1777032620008 -36.97034832664237 228
1777032633665 -34.808881997546685 229
1777032647215 -32.4062533290088 230
1777032660750 -31.0145967944724 231
1777032674271 -32.60166018910402 232
1777032687973 -30.935212547590297 233
1777032701348 -30.850161005325273 234
1777032714694 -30.938458390290066 235
1777032728108 -29.00408613873482 236
1777032741504 -25.036925206478784 237
1777032754998 -22.40547982187708 238
1777032768632 -23.568313179156476 239
1777032782397 -22.214631401566315 240
1777032795497 -21.719307065774373 241
1777032808941 -21.414885850731988 242
1777032822242 -21.827663511131753 243
1777032835494 -20.071281817906726 244
1777032849032 -17.966698573397192 245
1777032862370 -16.36973217718225 246
1777032875751 -17.590160520213793 247
1777032889495 -16.20670669092079 248
1777032902980 -13.748873487581877 249
1777032916550 -13.767708052449255 250
1777032930041 -12.341126744837936 251
1777032943499 -6.538878018431588 252
1777032957348 -3.64491642626604 253
1777032970629 -2.5062859067073227 254
1777032984084 -0.2636101884798674 255
1777032997520 -1.873920290408364 256
1777033010839 1.0416081511534716 257
1777033024381 1.386759165218284 258
1777033038182 2.556755096083371 259
1777033051689 1.450511966632974 260
1777033065206 1.2749751436787085 261
1777033078938 4.52260437117156 262
1777033092265 4.472942355366627 263
1777033106007 4.11658352381735 264
1777033119463 6.943852385114583 265
1777033132903 7.007676616013068 266
1777033146596 4.829037319246556 267
1777033159840 4.85335773788724 268
1777033173169 9.814597677175339 269
1777033186683 11.574720020914297 270
1777033200052 11.688204787954792 271
1777033213330 13.0297788505602 272
1777033226598 13.4631924210193 273
1777033239805 14.726245857665683 274
1777033253256 13.868323659223723 275
1777033266413 15.3194529989589 276
1777033279890 15.922152066099034 277
1777033293152 17.1645809468944 278
1777033306568 16.869449645064204 279
1777033321394 13.160896734629869 280
1777033337765 13.111583857837296 281
1777033354104 11.662348409345977 282
1777033370690 11.496097098137982 283
1777033387964 13.047804231650375 284
1777033404528 14.676461693032518 285
1777033421053 14.550748310889405 286
1777033438040 14.935190077218191 287
1777033454828 15.201808957594103 288
1777033471658 16.672355778357375 289
1777033487823 19.24740788879207 290
1777033504014 18.60983372805614 291
1777033520317 18.479529736866258 292
1777033536290 16.546579147859553 293
1777033552385 16.676427847135034 294
1777033568068 19.054488801389972 295
1777033583250 19.102206916765077 296
1777033600426 20.971361080532407 297
1777033617828 20.913645714465382 298
1777033634581 20.626972587396445 299
1777033651907 20.13602751539367 300
1777033668012 20.575697181875654 301
1777033684113 22.676878737187884 302
1777033699453 22.63677257990516 303
1777033715499 21.803244890232808 304
1777033730399 20.526638386503038 305
1777033743781 21.09397550080553 306
1777033756789 19.794543998907532 307
1777033770127 16.806179134759997 308
1777033783535 16.66675405078735 309
1777033797052 14.74072783220306 310
1777033810227 17.488253738321067 311
1777033823649 19.920130729365265 312
1777033836940 20.337028803391778 313
1777033850256 18.47314123075947 314
1777033863622 17.78101003171771 315
1777033876746 17.46070713005232 316
1777033890086 17.544885534534824 317
1777033903559 15.774083399725834 318
1777033916562 18.22392563831716 319
1777033929824 18.17386864253981 320
1777033943680 18.044751207436658 321
1777033956858 16.035587066076346 322
1777033970199 15.259152393353745 323
1777033983564 15.072951943061224 324
1777033996605 15.056679005795917 325
1777034009872 12.23159310962047 326
1777034023096 8.220075309775774 327
1777034036246 7.698045733571031 328
1777034049531 2.984795236479042 329
1777034062850 2.073944795519031 330
1777034076133 0.013448073565766947 331
1777034089424 1.8626444916598819 332
1777034102595 2.498400181702252 333
1777034115744 -0.08164915851232166 334
1777034129145 -0.13479668856988 335
1777034142396 -0.09643962934731178 336
1777034155600 0.13600421353133332 337
1777034169152 -0.11350440114694507 338
1777034182472 -0.033008594987300056 339
1777034196224 0.7491434322663102 340
1777034209369 0.9468008389185049 341
1777034222719 -1.6480244514626616 342
1777034235983 -4.373259636409506 343
1777034249650 -6.934865022714361 344
1777034262896 -9.04985001057848 345
1777034276289 -8.69777477719438 346
1777034289811 -9.024664575098452 347
1777034303188 -7.540051651618078 348
1777034316598 -8.089134034690685 349
1777034330283 -8.81971428026304 350
1777034343688 -8.580215993398157 351
1777034357639 -10.1044892696074 352
1777034370784 -9.010455870376665 353
1777034383956 -9.130306733120515 354
1777034397195 -7.88204354392127 355
1777034410509 -9.607845329901878 356
1777034423831 -10.30183173955949 357
1777034437060 -14.33656489665105 358
1777034450301 -14.743322592238108 359
1777034463611 -15.735682838775565 360
1777034476922 -16.99290651059496 361
1777034490191 -15.02460295879637 362
1777034503383 -14.70681309113772 363
1777034516598 -14.70681309113772 364
1777034529668 -17.74836459082443 365
1777034542796 -17.505805217317395 366
1777034556484 -16.764322558149683 367
1777034569775 -18.3554474827332 368
1777034583052 -15.516774360291526 369
1777034596303 -13.180004470746661 370
1777034609715 -10.517787174072385 371
1777034623027 -10.61438818768868 372
1777034636352 -10.860540363457233 373
1777034649567 -10.626703980928937 374
1777034662678 -11.023399732465553 375
1777034675890 -13.355524273011751 376
1777034688800 -12.218388193254741 377
1777034701984 -11.778838600490069 378
1777034715071 -8.188645482246491 379
1777034728294 -4.417438642252763 380
1777034741632 -1.1648528706177972 381
1777034754904 -2.4782601357535126 382
1777034768115 1.4150976998652687 383
1777034781379 0.181997220066973 384
1777034794725 2.030579408053157 385
1777034807730 4.931040708607956 386
1777034820856 5.093051791131924 387
1777034834310 2.872186853552224 388
1777034847605 4.086266822014247 389
1777034863009 4.873554530360582 390
1777034879394 6.691466114034188 391
1777034895376 6.394193139499695 392
1777034911049 7.16193358864216 393
1777034924799 6.886874806122032 394
1777034938341 8.823848231821957 395
1777034951881 8.12177980178167 396
1777034964902 8.12177980178167 397
1777034978264 7.753207233092951 398
1777034991498 7.526213091624845 399
1777035005277 10.766835627973173 400
1777035018507 12.933756615040336 401
1777035032203 11.641003573989307 402
1777035045496 10.981410039482123 403
1777035058836 9.713936672481765 404
1777035071946 7.629918908734657 405
1777035085187 7.792579266505949 406
1777035098462 8.091543732867237 407
1777035112158 9.859814742397026 408
1777035125408 7.700309329110122 409
1777035139095 9.783258072097325 410
1777035153022 9.073621816270395 411
1777035169162 8.250111721723336 412
1777035185834 8.205020372034367 413
1777035202822 8.141795967870863 414
1777035219595 7.659489125986116 415
1777035235941 8.05843071072978 416
1777035252606 7.8854221165937055 417
1777035269595 11.139126432313455 418
1777035286638 12.877679021046152 419
1777035303571 11.9792711818945 420
1777035320387 11.489199014717324 421
1777035337149 10.233682613999692 422
1777035353921 10.357657838288178 423
1777035370720 14.23758892508571 424
1777035387349 13.169639925404331 425
1777035403904 12.803744145265195 426
1777035420273 13.924419337898263 427
1777035436950 10.760714782404195 428
1777035453488 10.70987169657471 429
1777035469726 10.2944461202029 430
1777035485942 8.98132874781318 431
1777035502153 8.689034944198907 432
1777035518041 8.689034944198907 433
1777035534220 8.689034944198907 434
1777035550135 8.689034944198907 435
1777035566222 8.689034944198907 436
1777035582081 8.689034944198907 437
1777035598175 8.689034944198907 438
1777035614234 8.689034944198907 439
