1777029529253 0.0 0
1777029531933 0.0 1
1777029534650 0.0 2
1777029537364 0.0 3
1777029540397 0.0 4
1777029543206 0.0 5
1777029545933 0.0 6
1777029548658 0.0 7
1777029551369 0.0 8
1777029554368 1.0 9
1777029556032 0.0 10
1777029557630 0.0 11
1777029559265 0.0 12
1777029560881 0.0 13
1777029562561 0.0 14
1777029575595 0.0 15
1777029588759 0.0 16
1777029601500 0.0 17
1777029614576 0.0 18
1777029627660 1.0 19
1777029640900 0.0 20
1777029654052 0.0 21
1777029666930 0.0 22
1777029679739 0.0 23
1777029693595 0.0 24
1777029706818 0.0 25
1777029720005 0.0 26
1777029733841 0.0 27
1777029747125 0.0 28
1777029760563 1.0 29
1777029774368 0.0 30
1777029787265 0.0 31
1777029800388 0.0 32
1777029813161 0.0 33
1777029826025 0.0 34
1777029839088 0.0 35
1777029852201 0.0 36
1777029865113 0.0 37
1777029878152 0.0 38
1777029890848 1.0 39
1777029903678 0.0 40
1777029916547 0.0 41
1777029929428 0.0 42
1777029942458 0.0 43
1777029955307 0.0 44
1777029968060 0.0 45
1777029980998 0.0 46
1777029993917 0.0 47
1777030006637 0.0 48
1777030019923 1.0 49
1777030033366 0.0 50
1777030046763 0.0 51
1777030060060 0.0 52
1777030073360 0.0 53
1777030086558 0.0 54
1777030099851 0.0 55
1777030113371 0.0 56
1777030126728 0.0 57
1777030140136 0.0 58
1777030153653 1.0 59
1777030166756 0.0 60
1777030179850 0.0 61
1777030192812 1.0 62
1777030205733 0.0 63
1777030218544 0.0 64
1777030231439 0.0 65
1777030244135 0.0 66
1777030257002 0.0 67
1777030269867 0.0 68
1777030282721 0.0 69
1777030295743 0.0 70
1777030308721 0.0 71
1777030322028 1.0 72
1777030334921 0.0 73
1777030347909 1.0 74
1777030360905 0.0 75
1777030374090 0.0 76
1777030386926 0.0 77
1777030399916 0.0 78
1777030412884 0.0 79
1777030426709 0.0 80
1777030440059 0.0 81
1777030453170 0.0 82
1777030468297 0.0 83
1777030484124 1.0 84
1777030500396 0.0 85
1777030516802 0.0 86
1777030533144 0.0 87
1777030549814 0.0 88
1777030566325 1.0 89
1777030582184 0.0 90
1777030598783 1.0 91
1777030615198 0.0 92
1777030631513 0.0 93
1777030647862 1.0 94
1777030663999 0.0 95
1777030679998 1.0 96
1777030695625 0.0 97
1777030711191 0.0 98
1777030726582 0.0 99
1777030742708 1.0 100
1777030762327 1.0 101
1777030778699 1.0 102
1777030794703 0.0 103
1777030811149 1.0 104
1777030827596 1.0 105
1777030843492 1.0 106
1777030862096 1.0 107
1777030879752 1.0 108
1777030895065 1.0 109
1777030911198 0.0 110
1777030926880 1.0 111
1777030944490 1.0 112
1777030960811 1.0 113
1777030977637 1.0 114
1777030994201 1.0 115
1777031010687 1.0 116
1777031027315 1.0 117
1777031044075 2.0 118
1777031060928 1.0 119
1777031077895 0.0 120
1777031094963 1.0 121
1777031112352 1.0 122
1777031129674 1.0 123
1777031146665 2.0 124
1777031163393 2.0 125
1777031180219 1.0 126
1777031197091 1.0 127
1777031214021 2.0 128
1777031230880 1.0 129
1777031247780 2.0 130
1777031264884 1.0 131
1777031281844 2.0 132
1777031298553 1.0 133
1777031315716 2.0 134
1777031332874 1.0 135
1777031350314 2.0 136
1777031367501 1.0 137
1777031384751 2.0 138
1777031402337 1.0 139
1777031419281 2.0 140
1777031435874 2.0 141
1777031452419 1.0 142
1777031469095 1.0 143
1777031485748 2.0 144
1777031502296 1.0 145
1777031519004 2.0 146
1777031535499 1.0 147
1777031551743 2.0 148
1777031565198 1.0 149
1777031578674 2.0 150
1777031591931 2.0 151
1777031605291 2.0 152
1777031618482 1.0 153
1777031631840 1.0 154
1777031645383 2.0 155
1777031658749 1.0 156
1777031671752 0.0 157
1777031684930 1.0 158
1777031698273 2.0 159
1777031711729 1.0 160
1777031725061 1.0 161
1777031738223 1.0 162
1777031751424 1.0 163
1777031764724 1.0 164
1777031778045 1.0 165
1777031791492 1.0 166
1777031804884 1.0 167
1777031818269 2.0 168
1777031831572 1.0 169
1777031844640 2.0 170
1777031857916 0.0 171
1777031871609 2.0 172
1777031884826 1.0 173
1777031898027 1.0 174
1777031911319 1.0 175
1777031924527 1.0 176
1777031937953 1.0 177
1777031951236 1.0 178
1777031964517 1.0 179
1777031977886 1.0 180
1777031991006 1.0 181
1777032004331 1.0 182
1777032018002 1.0 183
1777032031515 1.0 184
1777032044882 2.0 185
1777032058251 1.0 186
1777032071571 1.0 187
1777032084869 1.0 188
1777032097972 0.0 189
1777032111543 2.0 190
1777032124928 1.0 191
1777032138252 1.0 192
1777032151485 1.0 193
1777032164688 1.0 194
1777032178013 1.0 195
1777032191488 1.0 196
1777032204894 2.0 197
1777032218032 1.0 198
1777032231282 1.0 199
1777032244740 1.0 200
1777032258318 1.0 201
1777032271940 2.0 202
1777032285141 1.0 203
1777032298618 1.0 204
1777032311898 1.0 205
1777032325172 2.0 206
1777032338507 1.0 207
1777032352111 2.0 208
1777032365811 1.0 209
1777032378681 1.0 210
1777032392023 2.0 211
1777032405297 1.0 212
1777032418804 2.0 213
1777032432280 2.0 214
1777032445763 1.0 215
1777032459196 1.0 216
1777032472625 2.0 217
1777032486081 1.0 218
1777032499521 2.0 219
1777032512877 1.0 220
1777032526253 2.0 221
1777032539779 1.0 222
1777032553147 2.0 223
1777032566463 1.0 224
1777032580042 2.0 225
1777032593422 2.0 226
1777032606741 1.0 227
1777032620008 1.0 228
1777032633665 2.0 229
1777032647215 2.0 230
1777032660750 1.0 231
1777032674271 1.0 232
1777032687973 2.0 233
1777032701348 1.0 234
1777032714694 1.0 235
1777032728108 2.0 236
1777032741504 2.0 237
1777032754998 1.0 238
1777032768632 2.0 239
1777032782397 2.0 240
1777032795497 1.0 241
1777032808941 2.0 242
1777032822242 2.0 243
1777032835494 1.0 244
1777032849032 2.0 245
1777032862370 2.0 246
1777032875751 2.0 247
1777032889495 2.0 248
1777032902980 2.0 249
1777032916550 1.0 250
1777032930041 2.0 251
1777032943499 2.0 252
1777032957348 1.0 253
1777032970629 2.0 254
1777032984084 2.0 255
1777032997520 2.0 256
1777033010839 2.0 257
1777033024381 2.0 258
1777033038182 2.0 259
1777033051689 2.0 260
1777033065206 1.0 261
1777033078938 2.0 262
1777033092265 2.0 263
1777033106007 2.0 264
1777033119463 3.0 265
1777033132903 1.0 266
1777033146596 2.0 267
1777033159840 1.0 268
1777033173169 2.0 269
1777033186683 2.0 270
1777033200052 2.0 271
1777033213330 1.0 272
1777033226598 2.0 273
1777033239805 2.0 274
1777033253256 2.0 275
1777033266413 1.0 276
1777033279890 2.0 277
1777033293152 2.0 278
1777033306568 2.0 279
1777033321394 2.0 280
1777033337765 2.0 281
1777033354104 2.0 282
1777033370690 1.0 283
1777033387964 2.0 284
1777033404528 2.0 285
1777033421053 1.0 286
1777033438040 2.0 287
1777033454828 2.0 288
1777033471658 2.0 289
1777033487823 2.0 290
1777033504014 2.0 291
1777033520317 2.0 292
1777033536290 2.0 293
1777033552385 1.0 294
1777033568068 2.0 295
1777033583250 2.0 296
1777033600426 2.0 297
1777033617828 2.0 298
1777033634581 2.0 299
1777033651907 2.0 300
1777033668012 1.0 301
1777033684113 2.0 302
1777033699453 2.0 303
1777033715499 1.0 304
1777033730399 2.0 305
1777033743781 2.0 306
1777033756789 1.0 307
1777033770127 2.0 308
1777033783535 2.0 309
1777033797052 1.0 310
1777033810227 2.0 311
1777033823649 2.0 312
1777033836940 2.0 313
1777033850256 1.0 314
1777033863622 2.0 315
1777033876746 1.0 316
1777033890086 2.0 317
1777033903559 2.0 318
1777033916562 1.0 319
1777033929824 1.0 320
1777033943680 2.0 321
1777033956858 2.0 322
1777033970199 2.0 323
1777033983564 2.0 324
1777033996605 2.0 325
1777034009872 1.0 326
1777034023096 1.0 327
1777034036246 1.0 328
1777034049531 2.0 329
1777034062850 2.0 330
1777034076133 3.0 331
1777034089424 2.0 332
1777034102595 2.0 333
1777034115744 1.0 334
1777034129145 2.0 335
1777034142396 1.0 336
1777034155600 2.0 337
1777034169152 2.0 338
1777034182472 2.0 339
1777034196224 3.0 340
1777034209369 2.0 341
1777034222719 2.0 342
1777034235983 3.0 343
1777034249650 3.0 344
1777034262896 2.0 345
1777034276289 2.0 346
1777034289811 2.0 347
1777034303188 2.0 348
1777034316598 1.0 349
1777034330283 2.0 350
1777034343688 1.0 351
1777034357639 3.0 352
1777034370784 2.0 353
1777034383956 2.0 354
1777034397195 2.0 355
1777034410509 2.0 356
1777034423831 2.0 357
1777034437060 2.0 358
1777034450301 1.0 359
1777034463611 2.0 360
1777034476922 2.0 361
1777034490191 2.0 362
1777034503383 1.0 363
1777034516598 0.0 364
1777034529668 1.0 365
1777034542796 2.0 366
1777034556484 2.0 367
1777034569775 2.0 368
1777034583052 2.0 369
1777034596303 2.0 370
1777034609715 3.0 371
1777034623027 2.0 372
1777034636352 1.0 373
1777034649567 2.0 374
1777034662678 1.0 375
1777034675890 2.0 376
1777034688800 1.0 377
1777034701984 2.0 378
1777034715071 2.0 379
1777034728294 2.0 380
1777034741632 1.0 381
1777034754904 1.0 382
1777034768115 2.0 383
1777034781379 1.0 384
1777034794725 2.0 385
1777034807730 2.0 386
1777034820856 1.0 387
1777034834310 2.0 388
1777034847605 2.0 389
1777034863009 2.0 390
1777034879394 1.0 391
1777034895376 2.0 392
1777034911049 2.0 393
1777034924799 1.0 394
1777034938341 2.0 395
1777034951881 2.0 396
1777034964902 0.0 397
1777034978264 2.0 398
1777034991498 1.0 399
1777035005277 2.0 400
1777035018507 2.0 401
1777035032203 2.0 402
1777035045496 2.0 403
1777035058836 2.0 404
1777035071946 1.0 405
1777035085187 2.0 406
1777035098462 2.0 407
1777035112158 2.0 408
1777035125408 1.0 409
1777035139095 2.0 410
1777035153022 2.0 411
1777035169162 2.0 412
1777035185834 1.0 413
1777035202822 2.0 414
1777035219595 2.0 415
1777035235941 1.0 416
1777035252606 2.0 417
1777035269595 2.0 418
1777035286638 2.0 419
1777035303571 2.0 420
1777035320387 1.0 421
1777035337149 2.0 422
1777035353921 1.0 423
1777035370720 2.0 424
1777035387349 2.0 425
1777035403904 1.0 426
1777035420273 2.0 427
1777035436950 1.0 428
1777035453488 2.0 429
1777035469726 2.0 430
1777035485942 1.0 431
1777035502153 1.0 432
1777035518041 0.0 433
1777035534220 0.0 434
1777035550135 0.0 435
1777035566222 0.0 436
1777035582081 0.0 437
1777035598175 0.0 438
1777035614234 0.0 439
