1777029529253 100.0 0
1777029531933 200.0 1
1777029534650 300.0 2
1777029537364 400.0 3
1777029540397 500.0 4
1777029543206 600.0 5
1777029545933 700.0 6
1777029548658 800.0 7
1777029551369 900.0 8
1777029554368 1000.0 9
1777029556032 1100.0 10
1777029557630 1200.0 11
1777029559265 1300.0 12
1777029560881 1400.0 13
1777029562561 1500.0 14
1777029575595 1600.0 15
1777029588759 1700.0 16
1777029601500 1800.0 17
1777029614576 1900.0 18
1777029627660 2000.0 19
1777029640900 2100.0 20
1777029654052 2200.0 21
1777029666930 2300.0 22
1777029679739 2400.0 23
1777029693595 2500.0 24
1777029706818 2600.0 25
1777029720005 2700.0 26
1777029733841 2800.0 27
1777029747125 2900.0 28
1777029760563 3000.0 29
1777029774368 3100.0 30
1777029787265 3200.0 31
1777029800388 3300.0 32
1777029813161 3400.0 33
1777029826025 3500.0 34
1777029839088 3600.0 35
1777029852201 3700.0 36
1777029865113 3800.0 37
1777029878152 3900.0 38
1777029890848 4000.0 39
1777029903678 4100.0 40
1777029916547 4200.0 41
1777029929428 4300.0 42
1777029942458 4400.0 43
1777029955307 4500.0 44
1777029968060 4600.0 45
1777029980998 4700.0 46
1777029993917 4800.0 47
1777030006637 4900.0 48
1777030019923 5000.0 49
1777030033366 5100.0 50
1777030046763 5200.0 51
1777030060060 5300.0 52
1777030073360 5400.0 53
1777030086558 5500.0 54
1777030099851 5600.0 55
1777030113371 5700.0 56
1777030126728 5800.0 57
1777030140136 5900.0 58
1777030153653 6000.0 59
1777030166756 6100.0 60
1777030179850 6200.0 61
1777030192812 6300.0 62
1777030205733 6400.0 63
1777030218544 6500.0 64
1777030231439 6600.0 65
1777030244135 6700.0 66
1777030257002 6800.0 67
1777030269867 6900.0 68
1777030282721 7000.0 69
1777030295743 7100.0 70
1777030308721 7200.0 71
1777030322028 7300.0 72
1777030334921 7400.0 73
1777030347909 7500.0 74
1777030360905 7600.0 75
1777030374090 7700.0 76
1777030386926 7800.0 77
1777030399916 7900.0 78
1777030412884 8000.0 79
1777030426709 8100.0 80
1777030440059 8200.0 81
1777030453170 8300.0 82
1777030468297 8400.0 83
1777030484124 8500.0 84
1777030500396 8600.0 85
1777030516802 8700.0 86
1777030533144 8800.0 87
1777030549814 8900.0 88
1777030566325 9000.0 89
1777030582184 9100.0 90
1777030598783 9200.0 91
1777030615198 9300.0 92
1777030631513 9400.0 93
1777030647862 9500.0 94
1777030663999 9600.0 95
1777030679998 9700.0 96
1777030695625 9800.0 97
1777030711191 9900.0 98
1777030726582 10000.0 99
1777030742708 10100.0 100
1777030762327 10200.0 101
1777030778699 10300.0 102
1777030794703 10400.0 103
1777030811149 10500.0 104
1777030827596 10600.0 105
1777030843492 10700.0 106
1777030862096 10800.0 107
1777030879752 10900.0 108
1777030895065 11000.0 109
1777030911198 11100.0 110
1777030926880 11200.0 111
1777030944490 11300.0 112
1777030960811 11400.0 113
1777030977637 11500.0 114
1777030994201 11600.0 115
1777031010687 11700.0 116
1777031027315 11800.0 117
1777031044075 11900.0 118
1777031060928 12000.0 119
1777031077895 12100.0 120
1777031094963 12200.0 121
1777031112352 12300.0 122
1777031129674 12400.0 123
1777031146665 12500.0 124
1777031163393 12600.0 125
1777031180219 12700.0 126
1777031197091 12800.0 127
1777031214021 12900.0 128
1777031230880 13000.0 129
1777031247780 13100.0 130
1777031264884 13200.0 131
1777031281844 13300.0 132
1777031298553 13400.0 133
1777031315716 13500.0 134
1777031332874 13600.0 135
1777031350314 13700.0 136
1777031367501 13800.0 137
1777031384751 13900.0 138
1777031402337 14000.0 139
1777031419281 14100.0 140
1777031435874 14200.0 141
1777031452419 14300.0 142
1777031469095 14400.0 143
1777031485748 14500.0 144
1777031502296 14600.0 145
1777031519004 14700.0 146
1777031535499 14800.0 147
1777031551743 14900.0 148
1777031565198 15000.0 149
1777031578674 15100.0 150
1777031591931 15200.0 151
1777031605291 15300.0 152
1777031618482 15400.0 153
1777031631840 15500.0 154
1777031645383 15600.0 155
1777031658749 15700.0 156
1777031671752 15800.0 157
1777031684930 15900.0 158
1777031698273 16000.0 159
1777031711729 16100.0 160
1777031725061 16200.0 161
1777031738223 16300.0 162
1777031751424 16400.0 163
1777031764724 16500.0 164
1777031778045 16600.0 165
1777031791492 16700.0 166
1777031804884 16800.0 167
1777031818269 16900.0 168
1777031831572 17000.0 169
1777031844640 17100.0 170
1777031857916 17200.0 171
1777031871609 17300.0 172
1777031884826 17400.0 173
1777031898027 17500.0 174
1777031911319 17600.0 175
1777031924527 17700.0 176
1777031937953 17800.0 177
1777031951236 17900.0 178
1777031964517 18000.0 179
1777031977886 18100.0 180
1777031991006 18200.0 181
1777032004331 18300.0 182
1777032018002 18400.0 183
1777032031515 18500.0 184
1777032044882 18600.0 185
1777032058251 18700.0 186
1777032071571 18800.0 187
1777032084869 18900.0 188
1777032097972 19000.0 189
1777032111543 19100.0 190
1777032124928 19200.0 191
1777032138252 19300.0 192
1777032151485 19400.0 193
1777032164688 19500.0 194
1777032178013 19600.0 195
1777032191488 19700.0 196
1777032204894 19800.0 197
1777032218032 19900.0 198
1777032231282 20000.0 199
1777032244740 20100.0 200
1777032258318 20200.0 201
1777032271940 20300.0 202
1777032285141 20400.0 203
1777032298618 20500.0 204
1777032311898 20600.0 205
1777032325172 20700.0 206
1777032338507 20800.0 207
1777032352111 20900.0 208
1777032365811 21000.0 209
1777032378681 21100.0 210
1777032392023 21200.0 211
1777032405297 21300.0 212
1777032418804 21400.0 213
1777032432280 21500.0 214
1777032445763 21600.0 215
1777032459196 21700.0 216
1777032472625 21800.0 217
1777032486081 21900.0 218
1777032499521 22000.0 219
1777032512877 22100.0 220
1777032526253 22200.0 221
1777032539779 22300.0 222
1777032553147 22400.0 223
1777032566463 22500.0 224
1777032580042 22600.0 225
1777032593422 22700.0 226
1777032606741 22800.0 227
1777032620008 22900.0 228
1777032633665 23000.0 229
1777032647215 23100.0 230
1777032660750 23200.0 231
1777032674271 23300.0 232
1777032687973 23400.0 233
1777032701348 23500.0 234
1777032714694 23600.0 235
1777032728108 23700.0 236
1777032741504 23800.0 237
1777032754998 23900.0 238
1777032768632 24000.0 239
1777032782397 24100.0 240
1777032795497 24200.0 241
1777032808941 24300.0 242
1777032822242 24400.0 243
1777032835494 24500.0 244
1777032849032 24600.0 245
1777032862370 24700.0 246
1777032875751 24800.0 247
1777032889495 24900.0 248
1777032902980 25000.0 249
1777032916550 25100.0 250
1777032930041 25200.0 251
1777032943499 25300.0 252
1777032957348 25400.0 253
1777032970629 25500.0 254
1777032984084 25600.0 255
1777032997520 25700.0 256
1777033010839 25800.0 257
1777033024381 25900.0 258
1777033038182 26000.0 259
1777033051689 26100.0 260
1777033065206 26200.0 261
1777033078938 26300.0 262
1777033092265 26400.0 263
1777033106007 26500.0 264
1777033119463 26600.0 265
1777033132903 26700.0 266
1777033146596 26800.0 267
1777033159840 26900.0 268
1777033173169 27000.0 269
1777033186683 27100.0 270
1777033200052 27200.0 271
1777033213330 27300.0 272
1777033226598 27400.0 273
1777033239805 27500.0 274
1777033253256 27600.0 275
1777033266413 27700.0 276
1777033279890 27800.0 277
1777033293152 27900.0 278
1777033306568 28000.0 279
1777033321394 28100.0 280
1777033337765 28200.0 281
1777033354104 28300.0 282
1777033370690 28400.0 283
1777033387964 28500.0 284
1777033404528 28600.0 285
1777033421053 28700.0 286
1777033438040 28800.0 287
1777033454828 28900.0 288
1777033471658 29000.0 289
1777033487823 29100.0 290
1777033504014 29200.0 291
1777033520317 29300.0 292
1777033536290 29400.0 293
1777033552385 29500.0 294
1777033568068 29600.0 295
1777033583250 29700.0 296
1777033600426 29800.0 297
1777033617828 29900.0 298
1777033634581 30000.0 299
1777033651907 30100.0 300
1777033668012 30200.0 301
1777033684113 30300.0 302
1777033699453 30400.0 303
1777033715499 30500.0 304
1777033730399 30600.0 305
1777033743781 30700.0 306
1777033756789 30800.0 307
1777033770127 30900.0 308
1777033783535 31000.0 309
1777033797052 31100.0 310
1777033810227 31200.0 311
1777033823649 31300.0 312
1777033836940 31400.0 313
1777033850256 31500.0 314
1777033863622 31600.0 315
1777033876746 31700.0 316
1777033890086 31800.0 317
1777033903559 31900.0 318
1777033916562 32000.0 319
1777033929824 32100.0 320
1777033943680 32200.0 321
1777033956858 32300.0 322
1777033970199 32400.0 323
1777033983564 32500.0 324
1777033996605 32600.0 325
1777034009872 32700.0 326
1777034023096 32800.0 327
1777034036246 32900.0 328
1777034049531 33000.0 329
1777034062850 33100.0 330
1777034076133 33200.0 331
1777034089424 33300.0 332
1777034102595 33400.0 333
1777034115744 33500.0 334
1777034129145 33600.0 335
1777034142396 33700.0 336
1777034155600 33800.0 337
1777034169152 33900.0 338
1777034182472 34000.0 339
1777034196224 34100.0 340
1777034209369 34200.0 341
1777034222719 34300.0 342
1777034235983 34400.0 343
1777034249650 34500.0 344
1777034262896 34600.0 345
1777034276289 34700.0 346
1777034289811 34800.0 347
1777034303188 34900.0 348
1777034316598 35000.0 349
1777034330283 35100.0 350
1777034343688 35200.0 351
1777034357639 35300.0 352
1777034370784 35400.0 353
1777034383956 35500.0 354
1777034397195 35600.0 355
1777034410509 35700.0 356
1777034423831 35800.0 357
1777034437060 35900.0 358
1777034450301 36000.0 359
1777034463611 36100.0 360
1777034476922 36200.0 361
1777034490191 36300.0 362
1777034503383 36400.0 363
1777034516598 36500.0 364
1777034529668 36600.0 365
1777034542796 36700.0 366
1777034556484 36800.0 367
1777034569775 36900.0 368
1777034583052 37000.0 369
1777034596303 37100.0 370
1777034609715 37200.0 371
1777034623027 37300.0 372
1777034636352 37400.0 373
1777034649567 37500.0 374
1777034662678 37600.0 375
1777034675890 37700.0 376
1777034688800 37800.0 377
1777034701984 37900.0 378
1777034715071 38000.0 379
1777034728294 38100.0 380
1777034741632 38200.0 381
1777034754904 38300.0 382
1777034768115 38400.0 383
1777034781379 38500.0 384
1777034794725 38600.0 385
1777034807730 38700.0 386
1777034820856 38800.0 387
1777034834310 38900.0 388
1777034847605 39000.0 389
1777034863009 39100.0 390
1777034879394 39200.0 391
1777034895376 39300.0 392
1777034911049 39400.0 393
1777034924799 39500.0 394
1777034938341 39600.0 395
1777034951881 39700.0 396
1777034964902 39800.0 397
1777034978264 39900.0 398
1777034991498 40000.0 399
1777035005277 40100.0 400
1777035018507 40200.0 401
1777035032203 40300.0 402
1777035045496 40400.0 403
1777035058836 40500.0 404
1777035071946 40600.0 405
1777035085187 40700.0 406
1777035098462 40800.0 407
1777035112158 40900.0 408
1777035125408 41000.0 409
1777035139095 41100.0 410
1777035153022 41200.0 411
1777035169162 41300.0 412
1777035185834 41400.0 413
1777035202822 41500.0 414
1777035219595 41600.0 415
1777035235941 41700.0 416
1777035252606 41800.0 417
1777035269595 41900.0 418
1777035286638 42000.0 419
1777035303571 42100.0 420
1777035320387 42200.0 421
1777035337149 42300.0 422
1777035353921 42400.0 423
1777035370720 42500.0 424
1777035387349 42600.0 425
1777035403904 42700.0 426
1777035420273 42800.0 427
1777035436950 42900.0 428
1777035453488 43000.0 429
1777035469726 43100.0 430
1777035485942 43200.0 431
1777035502153 43300.0 432
1777035518041 43400.0 433
1777035534220 43500.0 434
1777035550135 43600.0 435
1777035566222 43700.0 436
1777035582081 43800.0 437
1777035598175 43900.0 438
1777035614234 44000.0 439
