1777693015707 0.0 0
1777693039170 0.0 1
1777693063442 0.0 2
1777693088134 0.0 3
1777693111929 0.0 4
1777693135514 1.0 5
1777693158692 1.0 6
1777693182441 1.0 7
1777693206301 1.0 8
1777693230445 1.0 9
1777693254422 2.0 10
1777693278807 2.0 11
1777693303576 2.0 12
1777693328339 2.0 13
1777693353430 2.0 14
1777693378102 2.0 15
1777693403056 2.0 16
1777693427956 2.0 17
1777693452756 3.0 18
1777693477493 3.0 19
1777693502517 3.0 20
1777693528143 3.0 21
1777693554921 3.0 22
1777693581227 3.0 23
1777693605890 3.0 24
1777693630493 3.0 25
1777693655618 4.0 26
1777693680298 4.0 27
1777693705495 4.0 28
1777693730145 4.0 29
1777693754917 4.0 30
1777693779889 4.0 31
1777693805315 4.0 32
1777693830785 4.0 33
1777693856242 4.0 34
1777693881543 4.0 35
1777693907228 5.0 36
1777693932407 5.0 37
1777693958056 5.0 38
1777693984006 5.0 39
1777694009349 5.0 40
1777694034451 5.0 41
1777694059624 5.0 42
1777694084862 5.0 43
1777694110164 5.0 44
1777694135452 5.0 45
1777694160444 6.0 46
1777694186211 6.0 47
1777694211441 6.0 48
1777694236875 6.0 49
1777694261910 6.0 50
1777694287439 6.0 51
1777694313152 6.0 52
1777694338938 6.0 53
1777694364220 6.0 54
1777694389472 6.0 55
1777694415119 7.0 56
1777694440758 7.0 57
1777694466329 7.0 58
1777694491755 7.0 59
1777694517417 7.0 60
1777694542482 7.0 61
1777694568484 7.0 62
1777694594083 7.0 63
1777694619723 7.0 64
1777694645025 7.0 65
1777694670602 8.0 66
1777694696515 8.0 67
1777694723005 8.0 68
1777694748853 8.0 69
1777694774390 8.0 70
1777694800797 8.0 71
1777694826524 8.0 72
1777694852430 8.0 73
1777694878644 8.0 74
1777694904833 8.0 75
1777694931150 8.0 76
1777694957656 8.0 77
1777694983704 8.0 78
1777695010325 8.0 79
1777695036080 8.0 80
1777695061836 9.0 81
1777695087520 9.0 82
1777695112411 9.0 83
1777695137754 9.0 84
1777695162704 9.0 85
1777695187983 9.0 86
1777695213005 9.0 87
1777695237966 9.0 88
1777695263167 9.0 89
1777695288164 9.0 90
1777695313410 9.0 91
1777695338479 9.0 92
1777695363658 9.0 93
1777695388607 9.0 94
1777695413779 9.0 95
1777695439154 9.0 96
1777695464130 9.0 97
1777695489446 9.0 98
1777695514384 9.0 99
1777695539625 9.0 100
1777695564735 9.0 101
1777695590086 9.0 102
1777695615248 9.0 103
1777695640324 9.0 104
1777695665154 9.0 105
1777695690257 9.0 106
1777695715203 9.0 107
1777695740165 9.0 108
1777695765351 9.0 109
1777695790602 9.0 110
1777695815883 9.0 111
1777695840762 9.0 112
1777695866141 9.0 113
1777695891234 9.0 114
1777695916624 9.0 115
1777695941613 9.0 116
1777695966640 9.0 117
1777695992250 9.0 118
1777696017392 9.0 119
1777696042828 9.0 120
1777696068043 9.0 121
1777696093485 9.0 122
1777696118701 9.0 123
1777696143762 9.0 124
1777696168923 9.0 125
1777696194160 9.0 126
1777696219170 9.0 127
1777696244353 9.0 128
1777696269016 9.0 129
1777696294004 9.0 130
1777696319170 9.0 131
1777696344496 9.0 132
1777696369688 9.0 133
1777696394913 9.0 134
1777696419951 9.0 135
1777696444947 9.0 136
1777696469888 9.0 137
1777696494887 9.0 138
1777696519864 9.0 139
1777696544718 9.0 140
1777696569458 9.0 141
1777696594408 9.0 142
1777696619278 9.0 143
1777696644307 9.0 144
1777696669425 9.0 145
1777696694406 9.0 146
1777696719575 9.0 147
1777696744759 9.0 148
1777696769773 9.0 149
1777696794836 9.0 150
1777696819615 9.0 151
1777696844623 9.0 152
1777696869874 9.0 153
1777696894967 9.0 154
1777696919777 9.0 155
1777696945006 9.0 156
1777696970182 9.0 157
1777696995466 9.0 158
1777697020217 9.0 159
1777697045125 9.0 160
1777697070442 9.0 161
1777697095380 9.0 162
1777697120865 9.0 163
1777697146420 9.0 164
1777697171620 9.0 165
1777697196923 9.0 166
1777697222071 9.0 167
1777697247210 9.0 168
1777697272415 9.0 169
1777697298172 9.0 170
1777697323475 9.0 171
1777697348407 9.0 172
1777697373800 9.0 173
1777697399069 9.0 174
1777697424399 9.0 175
1777697449734 9.0 176
1777697474882 9.0 177
1777697499888 9.0 178
1777697525284 9.0 179
1777697550697 9.0 180
1777697576205 9.0 181
1777697601273 9.0 182
1777697626134 9.0 183
1777697651569 9.0 184
1777697676467 9.0 185
1777697701724 9.0 186
1777697727211 9.0 187
1777697752763 9.0 188
1777697778730 9.0 189
1777697804342 9.0 190
1777697830073 9.0 191
1777697855641 9.0 192
1777697881121 9.0 193
1777697906789 9.0 194
1777697932122 9.0 195
1777697957955 9.0 196
1777697983544 9.0 197
1777698008840 9.0 198
1777698035044 9.0 199
1777698061790 9.0 200
1777698088408 9.0 201
1777698115450 9.0 202
1777698142605 9.0 203
1777698169668 9.0 204
1777698196935 9.0 205
1777698224387 9.0 206
1777698251918 9.0 207
1777698278752 9.0 208
1777698305520 9.0 209
1777698331729 9.0 210
1777698356578 9.0 211
1777698382066 9.0 212
1777698408711 9.0 213
1777698436456 9.0 214
1777698463311 9.0 215
1777698489304 9.0 216
1777698514617 9.0 217
1777698539937 9.0 218
1777698564811 9.0 219
1777698590275 9.0 220
1777698615583 9.0 221
1777698641447 9.0 222
1777698667373 9.0 223
1777698693799 9.0 224
1777698720434 9.0 225
1777698747544 9.0 226
1777698774360 9.0 227
1777698801601 9.0 228
1777698828879 9.0 229
1777698856138 9.0 230
1777698883057 9.0 231
1777698909811 9.0 232
1777698936528 9.0 233
1777698963764 9.0 234
1777698990643 9.0 235
1777699017263 9.0 236
1777699043868 9.0 237
1777699070179 9.0 238
1777699095813 9.0 239
1777699122131 9.0 240
1777699149090 9.0 241
1777699175609 9.0 242
1777699202646 9.0 243
1777699229291 9.0 244
1777699256153 9.0 245
1777699283092 9.0 246
1777699309695 9.0 247
1777699336320 9.0 248
1777699363522 9.0 249
1777699390105 9.0 250
1777699414900 9.0 251
1777699439984 9.0 252
1777699464833 9.0 253
1777699489861 9.0 254
1777699514990 9.0 255
1777699539727 9.0 256
1777699564617 9.0 257
1777699589386 9.0 258
1777699614223 9.0 259
1777699639150 9.0 260
1777699664929 9.0 261
1777699691036 9.0 262
1777699717025 9.0 263
1777699742046 9.0 264
1777699767604 9.0 265
1777699793023 9.0 266
1777699818669 9.0 267
1777699844328 9.0 268
1777699869965 9.0 269
1777699895723 9.0 270
1777699921690 9.0 271
1777699948225 9.0 272
1777699974116 9.0 273
1777700000288 9.0 274
1777700026206 9.0 275
1777700051679 9.0 276
1777700076939 9.0 277
1777700101998 9.0 278
1777700127363 9.0 279
1777700152850 9.0 280
1777700177951 9.0 281
1777700202976 9.0 282
1777700227589 9.0 283
1777700253248 9.0 284
1777700279430 9.0 285
1777700305644 9.0 286
1777700331507 9.0 287
1777700356692 9.0 288
1777700381609 9.0 289
1777700406837 9.0 290
1777700432154 9.0 291
1777700457029 9.0 292
1777700481821 9.0 293
1777700506616 9.0 294
1777700531191 9.0 295
1777700555696 9.0 296
1777700580089 9.0 297
1777700604427 9.0 298
1777700628489 9.0 299
1777700653143 9.0 300
1777700677206 9.0 301
1777700701937 9.0 302
1777700726638 9.0 303
1777700751225 9.0 304
1777700775354 9.0 305
1777700799840 9.0 306
1777700824072 9.0 307
1777700848634 9.0 308
1777700872876 9.0 309
1777700897052 9.0 310
1777700921300 9.0 311
1777700945347 9.0 312
1777700969873 9.0 313
1777700994228 9.0 314
1777701018792 9.0 315
1777701043278 9.0 316
1777701067507 9.0 317
1777701092143 9.0 318
1777701116590 9.0 319
1777701141029 9.0 320
1777701165400 9.0 321
1777701189486 9.0 322
1777701214100 9.0 323
1777701238296 9.0 324
1777701262863 9.0 325
1777701287083 9.0 326
1777701311396 9.0 327
1777701335617 9.0 328
1777701360014 9.0 329
1777701384590 9.0 330
1777701409061 9.0 331
1777701433426 9.0 332
1777701457604 9.0 333
1777701481825 9.0 334
1777701506078 9.0 335
1777701530622 9.0 336
1777701554832 9.0 337
1777701579218 9.0 338
1777701603034 9.0 339
1777701627734 9.0 340
1777701651848 9.0 341
1777701676024 9.0 342
1777701700248 9.0 343
1777701724363 9.0 344
1777701748567 9.0 345
1777701772892 9.0 346
1777701797338 9.0 347
1777701821605 9.0 348
1777701845878 9.0 349
1777701870331 9.0 350
1777701894770 9.0 351
1777701919259 9.0 352
1777701943544 9.0 353
1777701968028 9.0 354
1777701992359 9.0 355
1777702016883 9.0 356
1777702041156 9.0 357
1777702065597 9.0 358
1777702090248 9.0 359
1777702114965 9.0 360
1777702139271 9.0 361
1777702163909 9.0 362
1777702188095 9.0 363
1777702212380 9.0 364
1777702236814 9.0 365
1777702261089 9.0 366
1777702285549 9.0 367
1777702309605 9.0 368
1777702333961 9.0 369
1777702358463 9.0 370
1777702382856 9.0 371
1777702406921 9.0 372
1777702431543 9.0 373
1777702455729 9.0 374
1777702479934 9.0 375
1777702504521 9.0 376
1777702529198 9.0 377
1777702553523 9.0 378
1777702577626 9.0 379
1777702601738 9.0 380
1777702626441 9.0 381
1777702651118 9.0 382
1777702675543 9.0 383
1777702699607 9.0 384
1777702723877 9.0 385
1777702748118 9.0 386
1777702772578 9.0 387
1777702796694 9.0 388
1777702821053 9.0 389
1777702845506 9.0 390
1777702870094 9.0 391
1777702894482 9.0 392
1777702919030 9.0 393
1777702943346 9.0 394
1777702967529 9.0 395
1777702991722 9.0 396
1777703016311 9.0 397
1777703040482 9.0 398
1777703064690 9.0 399
1777703089127 9.0 400
1777703113363 9.0 401
1777703137791 9.0 402
1777703162124 9.0 403
1777703186731 9.0 404
1777703210965 9.0 405
1777703235405 9.0 406
1777703259406 9.0 407
1777703283778 9.0 408
1777703308191 9.0 409
1777703332499 9.0 410
1777703356751 9.0 411
1777703381195 9.0 412
1777703405630 9.0 413
1777703429997 9.0 414
1777703454160 9.0 415
1777703478623 9.0 416
1777703502993 9.0 417
1777703527235 9.0 418
1777703551474 9.0 419
1777703575621 9.0 420
1777703600117 9.0 421
1777703624583 9.0 422
1777703648677 9.0 423
1777703673181 9.0 424
1777703697570 9.0 425
1777703721743 9.0 426
1777703746267 9.0 427
1777703770922 9.0 428
1777703795071 9.0 429
1777703819357 9.0 430
1777703843747 9.0 431
1777703867791 9.0 432
1777703891855 9.0 433
1777703915924 9.0 434
1777703940377 9.0 435
1777703964646 9.0 436
1777703988693 9.0 437
1777704013061 9.0 438
1777704037621 9.0 439
1777704061841 9.0 440
1777704086131 9.0 441
1777704110320 9.0 442
1777704134279 9.0 443
1777704158667 9.0 444
1777704183035 9.0 445
1777704207241 9.0 446
1777704231623 9.0 447
1777704256025 9.0 448
1777704280234 9.0 449
1777704304585 9.0 450
1777704329189 9.0 451
1777704353324 9.0 452
1777704377616 9.0 453
1777704402105 9.0 454
1777704426490 9.0 455
1777704451080 9.0 456
1777704475117 9.0 457
1777704499622 9.0 458
1777704523745 9.0 459
1777704547775 9.0 460
1777704571984 9.0 461
1777704596437 9.0 462
1777704620723 9.0 463
1777704644905 9.0 464
1777704669430 9.0 465
1777704694144 9.0 466
1777704718497 9.0 467
1777704742819 9.0 468
1777704767140 9.0 469
1777704791169 9.0 470
1777704816988 9.0 471
