1777013105413 nan 0
1777013107136 nan 1
1777013108706 nan 2
1777013110290 nan 3
1777013112093 nan 4
1777013113770 nan 5
1777013115349 nan 6
1777013116914 nan 7
1777013118547 nan 8
1777013120258 1000.0 9
1777013122625 1000.0 10
1777013125102 1000.0 11
1777013127390 1000.0 12
1777013129689 1000.0 13
1777013132118 1000.0 14
1777013145379 1000.0 15
1777013158258 1000.0 16
1777013171295 1000.0 17
1777013184408 1000.0 18
1777013197961 1000.0 19
1777013210950 1000.0 20
1777013224220 1000.0 21
1777013237962 1000.0 22
1777013251604 1000.0 23
1777013265185 1000.0 24
1777013278778 1000.0 25
1777013292949 1000.0 26
1777013306669 1000.0 27
1777013321064 1000.0 28
1777013335467 1000.0 29
1777013349645 1000.0 30
1777013364229 1000.0 31
1777013378076 1000.0 32
1777013391903 1000.0 33
1777013406126 1000.0 34
