1777013105413 nan 0
1777013107136 nan 1
1777013108706 nan 2
1777013110290 nan 3
1777013112093 nan 4
1777013113770 nan 5
1777013115349 nan 6
1777013116914 nan 7
1777013118547 nan 8
1777013120258 -1779.2629216692296 9
1777013122625 -1779.2629216692296 10
1777013125102 -1779.2629216692296 11
1777013127390 -1779.2629216692296 12
1777013129689 -1779.2629216692296 13
1777013132118 -1779.2629216692296 14
1777013145379 -1779.2629216692296 15
1777013158258 -1779.2629216692296 16
1777013171295 -1779.2629216692296 17
1777013184408 -1779.2629216692296 18
1777013197961 -1779.2629216692296 19
1777013210950 -1779.2629216692296 20
1777013224220 -1779.2629216692296 21
1777013237962 -1779.2629216692296 22
1777013251604 -1779.2629216692296 23
1777013265185 -1779.2629216692296 24
1777013278778 -1779.2629216692296 25
1777013292949 -1779.2629216692296 26
1777013306669 -1779.2629216692296 27
1777013321064 -1779.2629216692296 28
1777013335467 -1779.2629216692296 29
1777013349645 -1779.2629216692296 30
1777013364229 -1779.2629216692296 31
1777013378076 -1779.2629216692296 32
1777013391903 -1779.2629216692296 33
1777013406126 -1779.2629216692296 34
