1777013105413 0.0 0
1777013107136 0.0 1
1777013108706 0.0 2
1777013110290 0.0 3
1777013112093 0.0 4
1777013113770 0.0 5
1777013115349 0.0 6
1777013116914 0.0 7
1777013118547 0.0 8
1777013120258 1.0 9
1777013122625 0.0 10
1777013125102 0.0 11
1777013127390 0.0 12
1777013129689 0.0 13
1777013132118 0.0 14
1777013145379 0.0 15
1777013158258 0.0 16
1777013171295 0.0 17
1777013184408 0.0 18
1777013197961 1.0 19
1777013210950 0.0 20
1777013224220 0.0 21
1777013237962 0.0 22
1777013251604 0.0 23
1777013265185 0.0 24
1777013278778 0.0 25
1777013292949 0.0 26
1777013306669 0.0 27
1777013321064 0.0 28
1777013335467 1.0 29
1777013349645 0.0 30
1777013364229 0.0 31
1777013378076 0.0 32
1777013391903 0.0 33
1777013406126 0.0 34
