1777013105413 100.0 0
1777013107136 200.0 1
1777013108706 300.0 2
1777013110290 400.0 3
1777013112093 500.0 4
1777013113770 600.0 5
1777013115349 700.0 6
1777013116914 800.0 7
1777013118547 900.0 8
1777013120258 1000.0 9
1777013122625 1100.0 10
1777013125102 1200.0 11
1777013127390 1300.0 12
1777013129689 1400.0 13
1777013132118 1500.0 14
1777013145379 1600.0 15
1777013158258 1700.0 16
1777013171295 1800.0 17
1777013184408 1900.0 18
1777013197961 2000.0 19
1777013210950 2100.0 20
1777013224220 2200.0 21
1777013237962 2300.0 22
1777013251604 2400.0 23
1777013265185 2500.0 24
1777013278778 2600.0 25
1777013292949 2700.0 26
1777013306669 2800.0 27
1777013321064 2900.0 28
1777013335467 3000.0 29
1777013349645 3100.0 30
1777013364229 3200.0 31
1777013378076 3300.0 32
1777013391903 3400.0 33
1777013406126 3500.0 34
