1777010770504 100.0 0
1777010771529 200.0 1
1777010772633 301.0 2
1777010773661 401.0 3
1777010774707 501.0 4
1777010775726 601.0 5
1777010776738 702.0 6
1777010777755 804.0 7
1777010778771 904.0 8
1777010779867 1004.0 9
1777010780930 1104.0 10
1777010781972 1204.0 11
1777010783014 1304.0 12
1777010784035 1404.0 13
1777010785766 1504.0 14
1777010798598 1604.0 15
1777010811732 1704.0 16
1777010824902 1804.0 17
1777010837849 1904.0 18
1777010851551 2004.0 19
1777010864961 2104.0 20
1777010878788 2204.0 21
1777010893258 2304.0 22
1777010906952 2404.0 23
