1777010976604 nan 0
1777010977638 nan 1
1777010978659 nan 2
1777010979770 nan 3
1777010980813 nan 4
1777010981836 nan 5
1777010982869 nan 6
1777010983904 nan 7
1777010984926 nan 8
1777010986009 -1779.2630897335505 9
1777010987135 -1779.2630897335505 10
1777010988151 -1779.2630897335505 11
1777010989195 -1779.2630897335505 12
1777010990249 -1779.2630897335505 13
1777010991282 -1779.2630897335505 14
1777011004451 -1779.2630897335505 15
1777011017380 -1779.2630897335505 16
1777011030514 -1779.2630897335505 17
1777011043687 -1779.2630897335505 18
1777011056792 -1779.2630897335505 19
1777011069915 -1779.2630897335505 20
1777011083284 -1779.2630897335505 21
1777011096570 -1779.2630897335505 22
1777011110069 -1779.2630897335505 23
1777011123358 -1779.2630897335505 24
1777011137604 -1779.2630897335505 25
1777011151671 -1779.2630897335505 26
1777011166755 -1779.2630897335505 27
1777011182902 -1779.2630897335505 28
