1777010976604 0.0 0
1777010977638 0.0 1
1777010978659 0.0 2
1777010979770 0.0 3
1777010980813 0.0 4
1777010981836 0.0 5
1777010982869 0.0 6
1777010983904 0.0 7
1777010984926 0.0 8
1777010986009 1.0 9
1777010987135 0.0 10
1777010988151 0.0 11
1777010989195 0.0 12
1777010990249 0.0 13
1777010991282 0.0 14
1777011004451 0.0 15
1777011017380 0.0 16
1777011030514 0.0 17
1777011043687 0.0 18
1777011056792 1.0 19
1777011069915 0.0 20
1777011083284 0.0 21
1777011096570 0.0 22
1777011110069 0.0 23
1777011123358 0.0 24
1777011137604 0.0 25
1777011151671 0.0 26
1777011166755 0.0 27
1777011182902 0.0 28
