1777010976604 100.0 0
1777010977638 200.0 1
1777010978659 300.0 2
1777010979770 400.0 3
1777010980813 500.0 4
1777010981836 600.0 5
1777010982869 700.0 6
1777010983904 800.0 7
1777010984926 900.0 8
1777010986009 1000.0 9
1777010987135 1100.0 10
1777010988151 1200.0 11
1777010989195 1300.0 12
1777010990249 1400.0 13
1777010991282 1500.0 14
1777011004451 1600.0 15
1777011017380 1700.0 16
1777011030514 1800.0 17
1777011043687 1900.0 18
1777011056792 2000.0 19
1777011069915 2100.0 20
1777011083284 2200.0 21
1777011096570 2300.0 22
1777011110069 2400.0 23
1777011123358 2500.0 24
1777011137604 2600.0 25
1777011151671 2700.0 26
1777011166755 2800.0 27
1777011182902 2900.0 28
