1777653127216 nan 0
1777653140789 nan 1
1777653154055 nan 2
1777653167400 nan 3
1777653180620 nan 4
1777653194098 nan 5
1777653207872 nan 6
1777653221242 nan 7
1777653234322 nan 8
1777653247499 1000.0 9
1777653260425 1000.0 10
1777653273267 1000.0 11
1777653286378 1000.0 12
1777653299323 1000.0 13
1777653312381 1000.0 14
1777653325538 1000.0 15
1777653338560 1000.0 16
1777653351640 1000.0 17
1777653364655 1000.0 18
1777653377831 1000.0 19
1777653390689 1000.0 20
1777653403703 1000.0 21
1777653417114 1000.0 22
1777653430352 1000.0 23
1777653443663 621.25 24
1777653457170 368.7142857142857 25
1777653470652 267.2 26
1777653484023 246.27272727272728 27
1777653497310 240.5 28
1777653510456 226.07692307692307 29
1777653523404 218.42857142857142 30
1777653536969 188.1764705882353 31
1777653550164 173.10526315789474 32
1777653563169 173.10526315789474 33
1777653576461 173.10526315789474 34
1777653589546 173.10526315789474 35
1777653602706 173.10526315789474 36
1777653615764 173.10526315789474 37
1777653628949 173.10526315789474 38
1777653642039 173.10526315789474 39
1777653655659 193.04761904761904 40
1777653668814 193.04761904761904 41
1777653681814 193.04761904761904 42
1777653695012 193.04761904761904 43
1777653708118 193.04761904761904 44
1777653721246 193.04761904761904 45
1777653734438 193.04761904761904 46
1777653747449 193.04761904761904 47
1777653760572 193.04761904761904 48
1777653773718 193.04761904761904 49
1777653786866 229.72727272727272 50
1777653799961 229.72727272727272 51
1777653813230 229.72727272727272 52
1777653826378 229.72727272727272 53
1777653839508 229.72727272727272 54
1777653852750 229.72727272727272 55
1777653865862 229.72727272727272 56
1777653879089 229.72727272727272 57
1777653892383 229.72727272727272 58
1777653905571 229.72727272727272 59
1777653918438 263.2173913043478 60
1777653931721 263.2173913043478 61
1777653944962 263.2173913043478 62
1777653958418 263.2173913043478 63
1777653971628 263.2173913043478 64
1777653984990 263.2173913043478 65
1777653998171 263.2173913043478 66
1777654011475 263.2173913043478 67
1777654024944 263.2173913043478 68
1777654038365 263.2173913043478 69
1777654051725 293.9166666666667 70
1777654065020 293.9166666666667 71
1777654078062 293.9166666666667 72
1777654091157 293.9166666666667 73
1777654104210 293.9166666666667 74
1777654117360 293.9166666666667 75
1777654130542 293.9166666666667 76
1777654143658 293.9166666666667 77
1777654156768 293.9166666666667 78
1777654169879 293.9166666666667 79
1777654183333 322.16 80
1777654196799 322.16 81
1777654210223 322.16 82
1777654223621 322.16 83
1777654237054 322.16 84
1777654250466 322.16 85
1777654263766 322.16 86
1777654277308 322.16 87
1777654290620 322.16 88
1777654303999 322.16 89
1777654317210 348.2307692307692 90
1777654330289 348.2307692307692 91
1777654343441 348.2307692307692 92
1777654357822 348.2307692307692 93
1777654371223 348.2307692307692 94
1777654384384 348.2307692307692 95
1777654397505 348.2307692307692 96
1777654410827 348.2307692307692 97
1777654424158 348.2307692307692 98
1777654437363 348.2307692307692 99
1777654450712 372.3703703703704 100
1777654463824 372.3703703703704 101
1777654477040 372.3703703703704 102
1777654490138 372.3703703703704 103
1777654503346 372.3703703703704 104
1777654516544 372.3703703703704 105
1777654529771 372.3703703703704 106
1777654543000 372.3703703703704 107
1777654556330 372.3703703703704 108
1777654569486 372.3703703703704 109
1777654582863 394.7857142857143 110
1777654596065 394.7857142857143 111
1777654609286 394.7857142857143 112
1777654622671 394.7857142857143 113
1777654635788 394.7857142857143 114
1777654649092 394.7857142857143 115
1777654662513 394.7857142857143 116
1777654675635 394.7857142857143 117
1777654688876 394.7857142857143 118
1777654702072 394.7857142857143 119
1777654715500 415.6551724137931 120
1777654728685 415.6551724137931 121
1777654742030 415.6551724137931 122
1777654755113 415.6551724137931 123
1777654768205 415.6551724137931 124
1777654781550 415.6551724137931 125
1777654794758 415.6551724137931 126
1777654808074 415.6551724137931 127
1777654821416 415.6551724137931 128
1777654834819 415.6551724137931 129
1777654848514 435.1333333333333 130
1777654862088 435.1333333333333 131
1777654875857 435.1333333333333 132
1777654889427 435.1333333333333 133
1777654902913 435.1333333333333 134
1777654916537 435.1333333333333 135
1777654930134 435.1333333333333 136
1777654943846 444.16129032258067 137
1777654957049 444.16129032258067 138
1777654970438 436.21875 139
1777654983369 436.21875 140
1777654996496 436.21875 141
1777655009592 436.21875 142
1777655022920 436.21875 143
1777655036024 436.21875 144
1777655049322 436.21875 145
1777655062581 436.21875 146
1777655075752 436.21875 147
1777655089140 436.21875 148
1777655102433 453.3030303030303 149
1777655115397 443.4117647058824 150
1777655128796 443.4117647058824 151
1777655142254 436.2857142857143 152
1777655156025 427.47222222222223 153
1777655169346 418.8378378378378 154
1777655182542 418.8378378378378 155
1777655196068 410.6578947368421 156
1777655209493 402.8974358974359 157
1777655223188 395.525 158
1777655237029 388.5121951219512 159
1777655250418 381.8333333333333 160
1777655263856 375.4418604651163 161
1777655277301 369.3636363636364 162
1777655290978 363.6666666666667 163
1777655304825 358.2391304347826 164
1777655318243 358.2391304347826 165
1777655331529 358.2391304347826 166
1777655344792 358.2391304347826 167
1777655358229 358.2391304347826 168
1777655371562 358.2391304347826 169
1777655385010 362.3404255319149 170
1777655398330 357.1458333333333 171
1777655411885 352.1020408163265 172
1777655425353 347.28 173
1777655439261 342.62745098039215 174
1777655452750 338.1730769230769 175
1777655466299 333.9056603773585 176
1777655479639 333.9056603773585 177
1777655493020 329.75925925925924 178
1777655506891 325.7818181818182 179
1777655520542 322.0 180
1777655534168 318.43859649122805 181
1777655547408 314.86206896551727 182
1777655560834 311.3898305084746 183
1777655574396 308.01666666666665 184
1777655588202 304.73770491803276 185
1777655601645 301.5967741935484 186
1777655615033 301.5967741935484 187
1777655628420 298.58730158730157 188
1777655641927 295.625 189
1777655655551 292.7692307692308 190
1777655669245 290.0 191
1777655682810 287.35820895522386 192
1777655696267 284.8529411764706 193
1777655709686 282.40579710144925 194
1777655723070 282.40579710144925 195
1777655736827 280.01428571428573 196
1777655750395 277.7323943661972 197
1777655763860 275.5 198
1777655777458 273.26027397260276 199
1777655790784 271.0405405405405 200
1777655804336 268.8933333333333 201
1777655818210 266.82894736842104 202
1777655831500 266.82894736842104 203
1777655845053 265.57142857142856 204
1777655858449 265.57142857142856 205
1777655871742 265.57142857142856 206
1777655885120 265.57142857142856 207
1777655898554 265.57142857142856 208
1777655911854 265.57142857142856 209
1777655925278 265.57142857142856 210
1777655938730 265.57142857142856 211
1777655952030 265.57142857142856 212
1777655965526 265.57142857142856 213
1777655978887 274.9871794871795 214
1777655992314 274.9871794871795 215
1777656005697 274.9871794871795 216
1777656019015 274.9871794871795 217
1777656032265 274.9871794871795 218
1777656045720 274.9871794871795 219
1777656058641 274.9871794871795 220
1777656072110 274.9871794871795 221
1777656085393 274.9871794871795 222
1777656098812 274.9871794871795 223
1777656112260 284.1645569620253 224
1777656125565 284.1645569620253 225
1777656139008 284.1645569620253 226
1777656152256 284.1645569620253 227
1777656165843 284.1645569620253 228
1777656179111 284.1645569620253 229
1777656192449 284.1645569620253 230
1777656205896 284.1645569620253 231
1777656219180 284.1645569620253 232
1777656232655 284.1645569620253 233
1777656246457 293.1125 234
1777656260077 293.1125 235
1777656273718 293.1125 236
1777656287376 293.1125 237
1777656301109 293.1125 238
1777656314964 293.1125 239
1777656328725 293.1125 240
1777656342367 293.1125 241
1777656355999 293.1125 242
1777656369805 293.1125 243
1777656383561 301.8395061728395 244
1777656396925 301.8395061728395 245
1777656410303 301.8395061728395 246
1777656423725 301.8395061728395 247
1777656437055 301.8395061728395 248
1777656450390 301.8395061728395 249
1777656463774 301.8395061728395 250
1777656477248 301.8395061728395 251
1777656490434 301.8395061728395 252
1777656503656 301.8395061728395 253
1777656516882 310.3536585365854 254
1777656530236 310.3536585365854 255
1777656543445 310.3536585365854 256
1777656556774 310.3536585365854 257
1777656569869 310.3536585365854 258
1777656583024 310.3536585365854 259
1777656596235 310.3536585365854 260
1777656609405 310.3536585365854 261
1777656622767 310.3536585365854 262
1777656636042 310.3536585365854 263
1777656649368 318.66265060240966 264
1777656662733 318.66265060240966 265
1777656675865 318.66265060240966 266
1777656688969 318.66265060240966 267
1777656702173 318.66265060240966 268
1777656715440 318.66265060240966 269
1777656728916 318.66265060240966 270
1777656742121 318.66265060240966 271
1777656755382 318.66265060240966 272
1777656768717 318.66265060240966 273
1777656782156 326.7738095238095 274
1777656795344 326.7738095238095 275
1777656808661 326.7738095238095 276
1777656821930 326.7738095238095 277
1777656835115 326.7738095238095 278
1777656848576 326.7738095238095 279
1777656861841 326.7738095238095 280
1777656875191 326.7738095238095 281
1777656888470 326.7738095238095 282
1777656901810 326.7738095238095 283
1777656915433 334.6941176470588 284
1777656929115 334.6941176470588 285
1777656942690 334.6941176470588 286
1777656956246 334.6941176470588 287
1777656969891 334.6941176470588 288
1777656983274 334.6941176470588 289
1777656996837 334.6941176470588 290
1777657010594 334.6941176470588 291
1777657024058 334.6941176470588 292
1777657037894 334.6941176470588 293
1777657051366 342.43023255813955 294
1777657064618 342.43023255813955 295
1777657077832 342.43023255813955 296
1777657091141 342.43023255813955 297
1777657104364 342.43023255813955 298
1777657117494 342.43023255813955 299
1777657130823 342.43023255813955 300
1777657143990 342.43023255813955 301
1777657157133 342.43023255813955 302
1777657170369 342.43023255813955 303
1777657183706 349.98850574712645 304
1777657196801 349.98850574712645 305
1777657210084 349.98850574712645 306
1777657223288 349.98850574712645 307
1777657236613 349.98850574712645 308
1777657249964 349.98850574712645 309
1777657263338 349.98850574712645 310
1777657276580 349.98850574712645 311
1777657289857 349.98850574712645 312
1777657303082 349.98850574712645 313
1777657316325 357.375 314
1777657329642 357.375 315
1777657343077 357.375 316
1777657356292 357.375 317
1777657369585 357.375 318
1777657382709 357.375 319
1777657396076 357.375 320
1777657409190 357.375 321
1777657422709 357.375 322
1777657435990 357.375 323
1777657449248 364.59550561797755 324
1777657462482 364.59550561797755 325
1777657475784 364.59550561797755 326
1777657489282 364.59550561797755 327
1777657502382 364.59550561797755 328
1777657515543 364.59550561797755 329
1777657528938 364.59550561797755 330
1777657542220 364.59550561797755 331
1777657555397 364.59550561797755 332
1777657568835 364.59550561797755 333
1777657582511 371.65555555555557 334
1777657597449 371.65555555555557 335
1777657612435 371.65555555555557 336
1777657627444 371.65555555555557 337
1777657642358 371.65555555555557 338
1777657657408 371.65555555555557 339
1777657672699 371.65555555555557 340
1777657687743 371.65555555555557 341
1777657702574 371.65555555555557 342
1777657717300 371.65555555555557 343
1777657731979 378.56043956043953 344
1777657745749 378.56043956043953 345
1777657759516 378.56043956043953 346
1777657773237 378.56043956043953 347
1777657786730 378.56043956043953 348
1777657800748 378.56043956043953 349
1777657814616 378.56043956043953 350
1777657829172 378.56043956043953 351
1777657843820 378.56043956043953 352
1777657858447 378.56043956043953 353
1777657873572 385.3152173913044 354
1777657888414 385.3152173913044 355
1777657902829 385.3152173913044 356
1777657917552 385.3152173913044 357
1777657931944 385.3152173913044 358
1777657946388 385.3152173913044 359
1777657960822 385.3152173913044 360
1777657975375 385.3152173913044 361
1777657989258 385.3152173913044 362
1777658003566 385.3152173913044 363
1777658017862 391.9247311827957 364
1777658032107 391.9247311827957 365
1777658046401 391.9247311827957 366
1777658060888 391.9247311827957 367
1777658075639 391.9247311827957 368
1777658090032 391.9247311827957 369
1777658104401 391.9247311827957 370
1777658118765 391.9247311827957 371
1777658133213 391.9247311827957 372
1777658147196 391.9247311827957 373
1777658160994 398.3936170212766 374
1777658174222 398.3936170212766 375
1777658189251 398.3936170212766 376
1777658204113 398.3936170212766 377
1777658218722 398.3936170212766 378
1777658233215 398.3936170212766 379
1777658246595 398.3936170212766 380
1777658259953 398.3936170212766 381
1777658273193 398.3936170212766 382
1777658286353 398.3936170212766 383
1777658299974 404.7263157894737 384
1777658313495 404.7263157894737 385
1777658327237 404.7263157894737 386
1777658340698 404.7263157894737 387
1777658354125 404.7263157894737 388
1777658367658 404.7263157894737 389
1777658381339 404.7263157894737 390
1777658394870 404.7263157894737 391
1777658408685 404.7263157894737 392
1777658422147 404.7263157894737 393
1777658435683 410.9270833333333 394
1777658449109 410.9270833333333 395
1777658462283 410.9270833333333 396
1777658475644 410.9270833333333 397
1777658489083 410.9270833333333 398
1777658502338 410.9270833333333 399
1777658515555 410.9270833333333 400
1777658528974 410.9270833333333 401
1777658542245 410.9270833333333 402
1777658555457 410.9270833333333 403
1777658568882 417.0 404
1777658582026 417.0 405
1777658595343 417.0 406
1777658608502 417.0 407
1777658621644 417.0 408
1777658635008 417.0 409
1777658648235 417.0 410
1777658661428 417.0 411
1777658674667 417.0 412
1777658687883 417.0 413
1777658701303 422.94897959183675 414
1777658714446 422.94897959183675 415
1777658727784 422.94897959183675 416
1777658741044 422.94897959183675 417
1777658754303 422.94897959183675 418
1777658767562 422.94897959183675 419
1777658780816 422.94897959183675 420
1777658793996 422.94897959183675 421
1777658807438 422.94897959183675 422
1777658820635 422.94897959183675 423
1777658833875 428.77777777777777 424
1777658847140 428.77777777777777 425
1777658860315 428.77777777777777 426
1777658873791 428.77777777777777 427
1777658886919 428.77777777777777 428
1777658900130 428.77777777777777 429
1777658913290 428.77777777777777 430
1777658926588 428.77777777777777 431
1777658939827 428.77777777777777 432
1777658953039 428.77777777777777 433
1777658966542 434.49 434
1777658980185 434.49 435
1777658993627 434.49 436
1777659007158 434.49 437
1777659020589 434.49 438
1777659033962 434.49 439
1777659047725 434.49 440
1777659061186 434.49 441
1777659074669 434.49 442
1777659088235 434.49 443
1777659101834 434.49 444
1777659115102 434.49 445
1777659128187 434.49 446
1777659141347 434.49 447
1777659154489 434.49 448
1777659167809 434.49 449
1777659180950 434.49 450
1777659194179 434.49 451
1777659207513 434.49 452
1777659220712 434.49 453
1777659233925 434.49 454
1777659247197 434.49 455
1777659260365 434.49 456
1777659273615 434.49 457
1777659286773 434.49 458
1777659299933 434.49 459
1777659313289 434.49 460
1777659326506 434.49 461
1777659339818 434.49 462
1777659353130 434.49 463
1777659366293 439.94 464
1777659379384 439.94 465
1777659392563 439.94 466
1777659405910 439.94 467
1777659419078 439.94 468
1777659432386 439.94 469
1777659445666 439.94 470
1777659458953 439.94 471
1777659472207 439.94 472
1777659485553 439.94 473
1777659498859 449.64 474
1777659512133 449.64 475
1777659525375 449.64 476
1777659538618 449.64 477
1777659551784 449.64 478
1777659565210 449.64 479
1777659578564 449.64 480
1777659591785 449.64 481
1777659605240 449.64 482
1777659618430 449.64 483
1777659631987 459.3 484
1777659645762 459.3 485
1777659659433 459.3 486
1777659673000 459.3 487
1777659686525 459.3 488
1777659700218 459.3 489
1777659713758 459.3 490
1777659727195 459.3 491
1777659740809 459.3 492
1777659754646 459.3 493
1777659768264 468.98 494
1777659781416 468.98 495
1777659794588 468.98 496
1777659808003 468.98 497
1777659821288 468.98 498
1777659834530 468.98 499
1777659847500 468.98 500
1777659860161 468.98 501
1777659872893 468.98 502
1777659885538 468.98 503
1777659898517 478.68 504
1777659911099 478.68 505
1777659923779 478.68 506
1777659936611 478.68 507
1777659949096 478.68 508
1777659961636 478.68 509
1777659974496 478.68 510
1777659986960 478.68 511
1777659999542 478.68 512
1777660011978 478.68 513
1777660024596 488.38 514
1777660037324 488.38 515
1777660049832 488.38 516
1777660062329 488.38 517
1777660074937 488.38 518
1777660087477 488.38 519
1777660099914 488.38 520
1777660112619 488.38 521
1777660125150 488.38 522
1777660137615 488.38 523
1777660150281 498.08 524
1777660162695 498.08 525
1777660175245 498.08 526
1777660187762 498.08 527
1777660200328 498.08 528
1777660212964 498.08 529
1777660225520 498.08 530
1777660238060 498.08 531
1777660250754 498.08 532
1777660263554 498.08 533
1777660276332 507.77 534
1777660289184 507.77 535
1777660301916 507.77 536
1777660314657 507.77 537
1777660327377 507.77 538
1777660340259 507.77 539
1777660353009 507.77 540
1777660365829 507.77 541
1777660378543 507.77 542
1777660391363 507.77 543
1777660404094 517.4 544
1777660416684 517.4 545
1777660429129 517.4 546
1777660441718 517.4 547
1777660454318 517.4 548
1777660466656 517.4 549
1777660479304 517.4 550
1777660491877 517.4 551
1777660504282 517.4 552
1777660516726 517.4 553
1777660529392 525.63 554
1777660541930 525.63 555
1777660554363 525.63 556
1777660567093 525.63 557
1777660579642 525.63 558
1777660592236 525.63 559
1777660604758 525.63 560
1777660617159 525.63 561
1777660629771 525.63 562
1777660642273 525.63 563
1777660654969 535.1 564
1777660667416 535.1 565
1777660679881 535.1 566
1777660692258 535.1 567
1777660704899 535.1 568
1777660717447 535.1 569
1777660729953 535.1 570
1777660742607 535.1 571
1777660755138 535.1 572
1777660767555 535.1 573
1777660780433 543.91 574
1777660793024 543.91 575
1777660805514 543.91 576
1777660817968 543.91 577
1777660830593 543.91 578
1777660842995 543.91 579
1777660855605 543.91 580
1777660868328 543.91 581
1777660880863 543.91 582
1777660893598 543.91 583
1777660906370 553.31 584
1777660919178 553.31 585
1777660932166 553.31 586
1777660944864 553.31 587
1777660957646 553.31 588
1777660970481 553.31 589
1777660983411 553.31 590
1777660996090 553.31 591
1777661008887 553.31 592
1777661021830 553.31 593
1777661034572 562.94 594
1777661047146 562.94 595
1777661059687 562.94 596
1777661072482 562.94 597
1777661085216 562.94 598
1777661097567 562.94 599
1777661110047 562.94 600
1777661122664 562.94 601
1777661135242 562.94 602
1777661147795 562.94 603
1777661160305 572.5 604
1777661172868 572.5 605
1777661185230 572.5 606
1777661197897 572.5 607
1777661210456 572.5 608
1777661223026 572.5 609
1777661235644 572.5 610
1777661248308 572.5 611
1777661260880 572.5 612
1777661273396 572.5 613
1777661286294 582.11 614
1777661299629 582.11 615
1777661315489 582.11 616
1777661330092 582.11 617
1777661344381 582.11 618
1777661359725 582.11 619
1777661374543 582.11 620
1777661388989 582.11 621
1777661403431 582.11 622
1777661417262 582.11 623
1777661431206 591.6 624
1777661445241 591.6 625
1777661459046 591.6 626
1777661473049 591.6 627
1777661486934 591.6 628
1777661501312 591.6 629
1777661515151 591.6 630
1777661529147 591.6 631
1777661543104 591.6 632
1777661557206 591.6 633
1777661571490 594.24 634
1777661585785 594.24 635
1777661600546 594.24 636
1777661615234 594.24 637
1777661629734 594.24 638
1777661643617 589.41 639
1777661657709 579.76 640
1777661670882 579.76 641
