1777653127216 nan 0
1777653140789 nan 1
1777653154055 nan 2
1777653167400 nan 3
1777653180620 nan 4
1777653194098 nan 5
1777653207872 nan 6
1777653221242 nan 7
1777653234322 nan 8
1777653247499 -1623.3222700764968 9
1777653260425 -1623.3222700764968 10
1777653273267 -1623.3222700764968 11
1777653286378 -1623.3222700764968 12
1777653299323 -1623.3222700764968 13
1777653312381 -1623.3222700764968 14
1777653325538 -1623.3222700764968 15
1777653338560 -1623.3222700764968 16
1777653351640 -1623.3222700764968 17
1777653364655 -1623.3222700764968 18
1777653377831 -1637.5179137435966 19
1777653390689 -1637.5179137435966 20
1777653403703 -1637.5179137435966 21
1777653417114 -1637.5179137435966 22
1777653430352 -1637.5179137435966 23
1777653443663 -989.9868025876476 24
1777653457170 -609.4795726449155 25
1777653470652 -456.37269157839546 26
1777653484023 -431.3208366141344 27
1777653497310 -435.13708075646764 28
1777653510456 -417.43553460761507 29
1777653523404 -410.97021253501913 30
1777653536969 -373.1314380886382 31
1777653550164 -343.88027661367306 32
1777653563169 -343.88027661367306 33
1777653576461 -343.88027661367306 34
1777653589546 -343.88027661367306 35
1777653602706 -343.88027661367306 36
1777653615764 -343.88027661367306 37
1777653628949 -343.88027661367306 38
1777653642039 -343.88027661367306 39
1777653655659 -390.6036982768763 40
1777653668814 -390.6036982768763 41
1777653681814 -390.6036982768763 42
1777653695012 -390.6036982768763 43
1777653708118 -390.6036982768763 44
1777653721246 -390.6036982768763 45
1777653734438 -390.6036982768763 46
1777653747449 -390.6036982768763 47
1777653760572 -390.6036982768763 48
1777653773718 -390.6036982768763 49
1777653786866 -457.80747299221497 50
1777653799961 -457.80747299221497 51
1777653813230 -457.80747299221497 52
1777653826378 -457.80747299221497 53
1777653839508 -457.80747299221497 54
1777653852750 -457.80747299221497 55
1777653865862 -457.80747299221497 56
1777653879089 -457.80747299221497 57
1777653892383 -457.80747299221497 58
1777653905571 -457.80747299221497 59
1777653918438 -511.8795142513213 60
1777653931721 -511.8795142513213 61
1777653944962 -511.8795142513213 62
1777653958418 -511.8795142513213 63
1777653971628 -511.8795142513213 64
1777653984990 -511.8795142513213 65
1777653998171 -511.8795142513213 66
1777654011475 -511.8795142513213 67
1777654024944 -511.8795142513213 68
1777654038365 -511.8795142513213 69
1777654051725 -562.6894655098271 70
1777654065020 -562.6894655098271 71
1777654078062 -562.6894655098271 72
1777654091157 -562.6894655098271 73
1777654104210 -562.6894655098271 74
1777654117360 -562.6894655098271 75
1777654130542 -562.6894655098271 76
1777654143658 -562.6894655098271 77
1777654156768 -562.6894655098271 78
1777654169879 -562.6894655098271 79
1777654183333 -609.2807555307057 80
1777654196799 -609.2807555307057 81
1777654210223 -609.2807555307057 82
1777654223621 -609.2807555307057 83
1777654237054 -609.2807555307057 84
1777654250466 -609.2807555307057 85
1777654263766 -609.2807555307057 86
1777654277308 -609.2807555307057 87
1777654290620 -609.2807555307057 88
1777654303999 -609.2807555307057 89
1777654317210 -651.6006227202477 90
1777654330289 -651.6006227202477 91
1777654343441 -651.6006227202477 92
1777654357822 -651.6006227202477 93
1777654371223 -651.6006227202477 94
1777654384384 -651.6006227202477 95
1777654397505 -651.6006227202477 96
1777654410827 -651.6006227202477 97
1777654424158 -651.6006227202477 98
1777654437363 -651.6006227202477 99
1777654450712 -689.7640690484351 100
1777654463824 -689.7640690484351 101
1777654477040 -689.7640690484351 102
1777654490138 -689.7640690484351 103
1777654503346 -689.7640690484351 104
1777654516544 -689.7640690484351 105
1777654529771 -689.7640690484351 106
1777654543000 -689.7640690484351 107
1777654556330 -689.7640690484351 108
1777654569486 -689.7640690484351 109
1777654582863 -724.5095253705509 110
1777654596065 -724.5095253705509 111
1777654609286 -724.5095253705509 112
1777654622671 -724.5095253705509 113
1777654635788 -724.5095253705509 114
1777654649092 -724.5095253705509 115
1777654662513 -724.5095253705509 116
1777654675635 -724.5095253705509 117
1777654688876 -724.5095253705509 118
1777654702072 -724.5095253705509 119
1777654715500 -756.5427883714585 120
1777654728685 -756.5427883714585 121
1777654742030 -756.5427883714585 122
1777654755113 -756.5427883714585 123
1777654768205 -756.5427883714585 124
1777654781550 -756.5427883714585 125
1777654794758 -756.5427883714585 126
1777654808074 -756.5427883714585 127
1777654821416 -756.5427883714585 128
1777654834819 -756.5427883714585 129
1777654848514 -786.211849757971 130
1777654862088 -786.211849757971 131
1777654875857 -786.211849757971 132
1777654889427 -786.211849757971 133
1777654902913 -786.211849757971 134
1777654916537 -786.211849757971 135
1777654930134 -786.211849757971 136
1777654943846 -806.0377379242235 137
1777654957049 -806.0377379242235 138
1777654970438 -789.8333032349339 139
1777654983369 -789.8333032349339 140
1777654996496 -789.8333032349339 141
1777655009592 -789.8333032349339 142
1777655022920 -789.8333032349339 143
1777655036024 -789.8333032349339 144
1777655049322 -789.8333032349339 145
1777655062581 -789.8333032349339 146
1777655075752 -789.8333032349339 147
1777655089140 -789.8333032349339 148
1777655102433 -824.7945911002405 149
1777655115397 -800.1797092050768 150
1777655128796 -800.1797092050768 151
1777655142254 -777.6822679799352 152
1777655156025 -755.9349968015046 153
1777655169346 -735.1499205435916 154
1777655182542 -735.1499205435916 155
1777655196068 -715.4715860370379 156
1777655209493 -696.824203452187 157
1777655223188 -679.1054751329609 158
1777655237029 -662.2766550936393 159
1777655250418 -646.2669287230724 160
1777655263856 -630.9860300723486 161
1777655277301 -616.425357078465 162
1777655290978 -602.6460860583462 163
1777655304825 -589.5453868981974 164
1777655318243 -589.5453868981974 165
1777655331529 -589.5453868981974 166
1777655344792 -589.5453868981974 167
1777655358229 -589.5453868981974 168
1777655371562 -589.5453868981974 169
1777655385010 -597.078249674561 170
1777655398330 -584.3641731345133 171
1777655411885 -572.2009480562344 172
1777655425353 -560.540361115825 173
1777655439261 -549.3819206907989 174
1777655452750 -538.6053621475365 175
1777655466299 -528.2880201158922 176
1777655479639 -528.2880201158922 177
1777655493020 -518.3736635136644 178
1777655506891 -508.79199688110504 179
1777655520542 -499.6783954372799 180
1777655534168 -490.8794991870351 181
1777655547408 -482.267172039647 182
1777655560834 -473.93641752786857 183
1777655574396 -465.8542068414907 184
1777655588202 -458.0418192952154 185
1777655601645 -450.47123840716046 186
1777655615033 -450.47123840716046 187
1777655628420 -443.17372875533687 188
1777655641927 -436.13890503469906 189
1777655655551 -429.3011353005661 190
1777655669245 -422.70111199295565 191
1777655682810 -416.3371571653925 192
1777655696267 -410.2119123790773 193
1777655709686 -404.2714310765794 194
1777655723070 -404.2714310765794 195
1777655736827 -398.44450608115847 196
1777655750395 -392.8485028991928 197
1777655763860 -387.43757033540885 198
1777655777458 -382.11869729163305 199
1777655790784 -376.8731733978789 200
1777655804336 -371.78536586165205 201
1777655818210 -366.812873381844 202
1777655831500 -366.812873381844 203
1777655845053 -363.34960446681737 204
1777655858449 -363.34960446681737 205
1777655871742 -363.34960446681737 206
1777655885120 -363.34960446681737 207
1777655898554 -363.34960446681737 208
1777655911854 -363.34960446681737 209
1777655925278 -363.34960446681737 210
1777655938730 -363.34960446681737 211
1777655952030 -363.34960446681737 212
1777655965526 -363.34960446681737 213
1777655978887 -383.0154020462915 214
1777655992314 -383.0154020462915 215
1777656005697 -383.0154020462915 216
1777656019015 -383.0154020462915 217
1777656032265 -383.0154020462915 218
1777656045720 -383.0154020462915 219
1777656058641 -383.0154020462915 220
1777656072110 -383.0154020462915 221
1777656085393 -383.0154020462915 222
1777656098812 -383.0154020462915 223
1777656112260 -399.3021953157165 224
1777656125565 -399.3021953157165 225
1777656139008 -399.3021953157165 226
1777656152256 -399.3021953157165 227
1777656165843 -399.3021953157165 228
1777656179111 -399.3021953157165 229
1777656192449 -399.3021953157165 230
1777656205896 -399.3021953157165 231
1777656219180 -399.3021953157165 232
1777656232655 -399.3021953157165 233
1777656246457 -415.1333621536649 234
1777656260077 -415.1333621536649 235
1777656273718 -415.1333621536649 236
1777656287376 -415.1333621536649 237
1777656301109 -415.1333621536649 238
1777656314964 -415.1333621536649 239
1777656328725 -415.1333621536649 240
1777656342367 -415.1333621536649 241
1777656355999 -415.1333621536649 242
1777656369805 -415.1333621536649 243
1777656383561 -430.36870908513964 244
1777656396925 -430.36870908513964 245
1777656410303 -430.36870908513964 246
1777656423725 -430.36870908513964 247
1777656437055 -430.36870908513964 248
1777656450390 -430.36870908513964 249
1777656463774 -430.36870908513964 250
1777656477248 -430.36870908513964 251
1777656490434 -430.36870908513964 252
1777656503656 -430.36870908513964 253
1777656516882 -445.26161585319403 254
1777656530236 -445.26161585319403 255
1777656543445 -445.26161585319403 256
1777656556774 -445.26161585319403 257
1777656569869 -445.26161585319403 258
1777656583024 -445.26161585319403 259
1777656596235 -445.26161585319403 260
1777656609405 -445.26161585319403 261
1777656622767 -445.26161585319403 262
1777656636042 -445.26161585319403 263
1777656649368 -459.69972263984073 264
1777656662733 -459.69972263984073 265
1777656675865 -459.69972263984073 266
1777656688969 -459.69972263984073 267
1777656702173 -459.69972263984073 268
1777656715440 -459.69972263984073 269
1777656728916 -459.69972263984073 270
1777656742121 -459.69972263984073 271
1777656755382 -459.69972263984073 272
1777656768717 -459.69972263984073 273
1777656782156 -473.7334360589056 274
1777656795344 -473.7334360589056 275
1777656808661 -473.7334360589056 276
1777656821930 -473.7334360589056 277
1777656835115 -473.7334360589056 278
1777656848576 -473.7334360589056 279
1777656861841 -473.7334360589056 280
1777656875191 -473.7334360589056 281
1777656888470 -473.7334360589056 282
1777656901810 -473.7334360589056 283
1777656915433 -487.40327496829593 284
1777656929115 -487.40327496829593 285
1777656942690 -487.40327496829593 286
1777656956246 -487.40327496829593 287
1777656969891 -487.40327496829593 288
1777656983274 -487.40327496829593 289
1777656996837 -487.40327496829593 290
1777657010594 -487.40327496829593 291
1777657024058 -487.40327496829593 292
1777657037894 -487.40327496829593 293
1777657051366 -500.7065093735833 294
1777657064618 -500.7065093735833 295
1777657077832 -500.7065093735833 296
1777657091141 -500.7065093735833 297
1777657104364 -500.7065093735833 298
1777657117494 -500.7065093735833 299
1777657130823 -500.7065093735833 300
1777657143990 -500.7065093735833 301
1777657157133 -500.7065093735833 302
1777657170369 -500.7065093735833 303
1777657183706 -513.6750989902843 304
1777657196801 -513.6750989902843 305
1777657210084 -513.6750989902843 306
1777657223288 -513.6750989902843 307
1777657236613 -513.6750989902843 308
1777657249964 -513.6750989902843 309
1777657263338 -513.6750989902843 310
1777657276580 -513.6750989902843 311
1777657289857 -513.6750989902843 312
1777657303082 -513.6750989902843 313
1777657316325 -526.2802808783767 314
1777657329642 -526.2802808783767 315
1777657343077 -526.2802808783767 316
1777657356292 -526.2802808783767 317
1777657369585 -526.2802808783767 318
1777657382709 -526.2802808783767 319
1777657396076 -526.2802808783767 320
1777657409190 -526.2802808783767 321
1777657422709 -526.2802808783767 322
1777657435990 -526.2802808783767 323
1777657449248 -538.5999420263148 324
1777657462482 -538.5999420263148 325
1777657475784 -538.5999420263148 326
1777657489282 -538.5999420263148 327
1777657502382 -538.5999420263148 328
1777657515543 -538.5999420263148 329
1777657528938 -538.5999420263148 330
1777657542220 -538.5999420263148 331
1777657555397 -538.5999420263148 332
1777657568835 -538.5999420263148 333
1777657582511 -550.6431453491858 334
1777657597449 -550.6431453491858 335
1777657612435 -550.6431453491858 336
1777657627444 -550.6431453491858 337
1777657642358 -550.6431453491858 338
1777657657408 -550.6431453491858 339
1777657672699 -550.6431453491858 340
1777657687743 -550.6431453491858 341
1777657702574 -550.6431453491858 342
1777657717300 -550.6431453491858 343
1777657731979 -562.455041824391 344
1777657745749 -562.455041824391 345
1777657759516 -562.455041824391 346
1777657773237 -562.455041824391 347
1777657786730 -562.455041824391 348
1777657800748 -562.455041824391 349
1777657814616 -562.455041824391 350
1777657829172 -562.455041824391 351
1777657843820 -562.455041824391 352
1777657858447 -562.455041824391 353
1777657873572 -573.9992749170343 354
1777657888414 -573.9992749170343 355
1777657902829 -573.9992749170343 356
1777657917552 -573.9992749170343 357
1777657931944 -573.9992749170343 358
1777657946388 -573.9992749170343 359
1777657960822 -573.9992749170343 360
1777657975375 -573.9992749170343 361
1777657989258 -573.9992749170343 362
1777658003566 -573.9992749170343 363
1777658017862 -585.2751054725635 364
1777658032107 -585.2751054725635 365
1777658046401 -585.2751054725635 366
1777658060888 -585.2751054725635 367
1777658075639 -585.2751054725635 368
1777658090032 -585.2751054725635 369
1777658104401 -585.2751054725635 370
1777658118765 -585.2751054725635 371
1777658133213 -585.2751054725635 372
1777658147196 -585.2751054725635 373
1777658160994 -596.3099605376578 374
1777658174222 -596.3099605376578 375
1777658189251 -596.3099605376578 376
1777658204113 -596.3099605376578 377
1777658218722 -596.3099605376578 378
1777658233215 -596.3099605376578 379
1777658246595 -596.3099605376578 380
1777658259953 -596.3099605376578 381
1777658273193 -596.3099605376578 382
1777658286353 -596.3099605376578 383
1777658299974 -607.1278714938719 384
1777658313495 -607.1278714938719 385
1777658327237 -607.1278714938719 386
1777658340698 -607.1278714938719 387
1777658354125 -607.1278714938719 388
1777658367658 -607.1278714938719 389
1777658381339 -607.1278714938719 390
1777658394870 -607.1278714938719 391
1777658408685 -607.1278714938719 392
1777658422147 -607.1278714938719 393
1777658435683 -617.7457517984395 394
1777658449109 -617.7457517984395 395
1777658462283 -617.7457517984395 396
1777658475644 -617.7457517984395 397
1777658489083 -617.7457517984395 398
1777658502338 -617.7457517984395 399
1777658515555 -617.7457517984395 400
1777658528974 -617.7457517984395 401
1777658542245 -617.7457517984395 402
1777658555457 -617.7457517984395 403
1777658568882 -628.1203767142644 404
1777658582026 -628.1203767142644 405
1777658595343 -628.1203767142644 406
1777658608502 -628.1203767142644 407
1777658621644 -628.1203767142644 408
1777658635008 -628.1203767142644 409
1777658648235 -628.1203767142644 410
1777658661428 -628.1203767142644 411
1777658674667 -628.1203767142644 412
1777658687883 -628.1203767142644 413
1777658701303 -638.2911489160479 414
1777658714446 -638.2911489160479 415
1777658727784 -638.2911489160479 416
1777658741044 -638.2911489160479 417
1777658754303 -638.2911489160479 418
1777658767562 -638.2911489160479 419
1777658780816 -638.2911489160479 420
1777658793996 -638.2911489160479 421
1777658807438 -638.2911489160479 422
1777658820635 -638.2911489160479 423
1777658833875 -648.2604640389169 424
1777658847140 -648.2604640389169 425
1777658860315 -648.2604640389169 426
1777658873791 -648.2604640389169 427
1777658886919 -648.2604640389169 428
1777658900130 -648.2604640389169 429
1777658913290 -648.2604640389169 430
1777658926588 -648.2604640389169 431
1777658939827 -648.2604640389169 432
1777658953039 -648.2604640389169 433
1777658966542 -658.0147930690412 434
1777658980185 -658.0147930690412 435
1777658993627 -658.0147930690412 436
1777659007158 -658.0147930690412 437
1777659020589 -658.0147930690412 438
1777659033962 -658.0147930690412 439
1777659047725 -658.0147930690412 440
1777659061186 -658.0147930690412 441
1777659074669 -658.0147930690412 442
1777659088235 -658.0147930690412 443
1777659101834 -658.0340106756171 444
1777659115102 -658.0340106756171 445
1777659128187 -658.0340106756171 446
1777659141347 -658.0340106756171 447
1777659154489 -658.0340106756171 448
1777659167809 -658.0340106756171 449
1777659180950 -658.0340106756171 450
1777659194179 -658.0340106756171 451
1777659207513 -658.0340106756171 452
1777659220712 -658.0340106756171 453
1777659233925 -657.7637182164622 454
1777659247197 -657.7637182164622 455
1777659260365 -657.7637182164622 456
1777659273615 -657.7637182164622 457
1777659286773 -657.7637182164622 458
1777659299933 -657.7637182164622 459
1777659313289 -657.7637182164622 460
1777659326506 -657.7637182164622 461
1777659339818 -657.7637182164622 462
1777659353130 -657.7637182164622 463
1777659366293 -666.7973923610286 464
1777659379384 -666.7973923610286 465
1777659392563 -666.7973923610286 466
1777659405910 -666.7973923610286 467
1777659419078 -666.7973923610286 468
1777659432386 -666.7973923610286 469
1777659445666 -666.7973923610286 470
1777659458953 -666.7973923610286 471
1777659472207 -666.7973923610286 472
1777659485553 -666.7973923610286 473
1777659498859 -683.4046578432208 474
1777659512133 -683.4046578432208 475
1777659525375 -683.4046578432208 476
1777659538618 -683.4046578432208 477
1777659551784 -683.4046578432208 478
1777659565210 -683.4046578432208 479
1777659578564 -683.4046578432208 480
1777659591785 -683.4046578432208 481
1777659605240 -683.4046578432208 482
1777659618430 -683.4046578432208 483
1777659631987 -697.9202682557171 484
1777659645762 -697.9202682557171 485
1777659659433 -697.9202682557171 486
1777659673000 -697.9202682557171 487
1777659686525 -697.9202682557171 488
1777659700218 -697.9202682557171 489
1777659713758 -697.9202682557171 490
1777659727195 -697.9202682557171 491
1777659740809 -697.9202682557171 492
1777659754646 -697.9202682557171 493
1777659768264 -712.4739000182044 494
1777659781416 -712.4739000182044 495
1777659794588 -712.4739000182044 496
1777659808003 -712.4739000182044 497
1777659821288 -712.4739000182044 498
1777659834530 -712.4739000182044 499
1777659847500 -712.4739000182044 500
1777659860161 -712.4739000182044 501
1777659872893 -712.4739000182044 502
1777659885538 -712.4739000182044 503
1777659898517 -729.0800461476468 504
1777659911099 -729.0800461476468 505
1777659923779 -729.0800461476468 506
1777659936611 -729.0800461476468 507
1777659949096 -729.0800461476468 508
1777659961636 -729.0800461476468 509
1777659974496 -729.0800461476468 510
1777659986960 -729.0800461476468 511
1777659999542 -729.0800461476468 512
1777660011978 -729.0800461476468 513
1777660024596 -743.6655132035278 514
1777660037324 -743.6655132035278 515
1777660049832 -743.6655132035278 516
1777660062329 -743.6655132035278 517
1777660074937 -743.6655132035278 518
1777660087477 -743.6655132035278 519
1777660099914 -743.6655132035278 520
1777660112619 -743.6655132035278 521
1777660125150 -743.6655132035278 522
1777660137615 -743.6655132035278 523
1777660150281 -760.2593658010221 524
1777660162695 -760.2593658010221 525
1777660175245 -760.2593658010221 526
1777660187762 -760.2593658010221 527
1777660200328 -760.2593658010221 528
1777660212964 -760.2593658010221 529
1777660225520 -760.2593658010221 530
1777660238060 -760.2593658010221 531
1777660250754 -760.2593658010221 532
1777660263554 -760.2593658010221 533
1777660276332 -774.8234394084345 534
1777660289184 -774.8234394084345 535
1777660301916 -774.8234394084345 536
1777660314657 -774.8234394084345 537
1777660327377 -774.8234394084345 538
1777660340259 -774.8234394084345 539
1777660353009 -774.8234394084345 540
1777660365829 -774.8234394084345 541
1777660378543 -774.8234394084345 542
1777660391363 -774.8234394084345 543
1777660404094 -789.2767175126643 544
1777660416684 -789.2767175126643 545
1777660429129 -789.2767175126643 546
1777660441718 -789.2767175126643 547
1777660454318 -789.2767175126643 548
1777660466656 -789.2767175126643 549
1777660479304 -789.2767175126643 550
1777660491877 -789.2767175126643 551
1777660504282 -789.2767175126643 552
1777660516726 -789.2767175126643 553
1777660529392 -800.5458804480508 554
1777660541930 -800.5458804480508 555
1777660554363 -800.5458804480508 556
1777660567093 -800.5458804480508 557
1777660579642 -800.5458804480508 558
1777660592236 -800.5458804480508 559
1777660604758 -800.5458804480508 560
1777660617159 -800.5458804480508 561
1777660629771 -800.5458804480508 562
1777660642273 -800.5458804480508 563
1777660654969 -814.5336919664026 564
1777660667416 -814.5336919664026 565
1777660679881 -814.5336919664026 566
1777660692258 -814.5336919664026 567
1777660704899 -814.5336919664026 568
1777660717447 -814.5336919664026 569
1777660729953 -814.5336919664026 570
1777660742607 -814.5336919664026 571
1777660755138 -814.5336919664026 572
1777660767555 -814.5336919664026 573
1777660780433 -827.3056972487717 574
1777660793024 -827.3056972487717 575
1777660805514 -827.3056972487717 576
1777660817968 -827.3056972487717 577
1777660830593 -827.3056972487717 578
1777660842995 -827.3056972487717 579
1777660855605 -827.3056972487717 580
1777660868328 -827.3056972487717 581
1777660880863 -827.3056972487717 582
1777660893598 -827.3056972487717 583
1777660906370 -841.1587468516492 584
1777660919178 -841.1587468516492 585
1777660932166 -841.1587468516492 586
1777660944864 -841.1587468516492 587
1777660957646 -841.1587468516492 588
1777660970481 -841.1587468516492 589
1777660983411 -841.1587468516492 590
1777660996090 -841.1587468516492 591
1777661008887 -841.1587468516492 592
1777661021830 -841.1587468516492 593
1777661034572 -855.4301087328025 594
1777661047146 -855.4301087328025 595
1777661059687 -855.4301087328025 596
1777661072482 -855.4301087328025 597
1777661085216 -855.4301087328025 598
1777661097567 -855.4301087328025 599
1777661110047 -855.4301087328025 600
1777661122664 -855.4301087328025 601
1777661135242 -855.4301087328025 602
1777661147795 -855.4301087328025 603
1777661160305 -869.6129697091309 604
1777661172868 -869.6129697091309 605
1777661185230 -869.6129697091309 606
1777661197897 -869.6129697091309 607
1777661210456 -869.6129697091309 608
1777661223026 -869.6129697091309 609
1777661235644 -869.6129697091309 610
1777661248308 -869.6129697091309 611
1777661260880 -869.6129697091309 612
1777661273396 -869.6129697091309 613
1777661286294 -885.9181904630777 614
1777661299629 -885.9181904630777 615
1777661315489 -885.9181904630777 616
1777661330092 -885.9181904630777 617
1777661344381 -885.9181904630777 618
1777661359725 -885.9181904630777 619
1777661374543 -885.9181904630777 620
1777661388989 -885.9181904630777 621
1777661403431 -885.9181904630777 622
1777661417262 -885.9181904630777 623
1777661431206 -900.0984149332537 624
1777661445241 -900.0984149332537 625
1777661459046 -900.0984149332537 626
1777661473049 -900.0984149332537 627
1777661486934 -900.0984149332537 628
1777661501312 -900.0984149332537 629
1777661515151 -900.0984149332537 630
1777661529147 -900.0984149332537 631
1777661543104 -900.0984149332537 632
1777661557206 -900.0984149332537 633
1777661571490 -901.6182590983111 634
1777661585785 -901.6182590983111 635
1777661600546 -901.6182590983111 636
1777661615234 -901.6182590983111 637
1777661629734 -901.6182590983111 638
1777661643617 -893.4316892896371 639
1777661657709 -878.2136536208305 640
1777661670882 -878.2136536208305 641
