1777653127216 nan 0
1777653140789 nan 1
1777653154055 nan 2
1777653167400 nan 3
1777653180620 nan 4
1777653194098 nan 5
1777653207872 nan 6
1777653221242 nan 7
1777653234322 nan 8
1777653247499 -1623.3222700764968 9
1777653260425 -1623.3222700764968 10
1777653273267 -1623.3222700764968 11
1777653286378 -1623.3222700764968 12
1777653299323 -1623.3222700764968 13
1777653312381 -1623.3222700764968 14
1777653325538 -1623.3222700764968 15
1777653338560 -1623.3222700764968 16
1777653351640 -1623.3222700764968 17
1777653364655 -1623.3222700764968 18
1777653377831 -1623.3222700764968 19
1777653390689 -1623.3222700764968 20
1777653403703 -1623.3222700764968 21
1777653417114 -1623.3222700764968 22
1777653430352 -1623.3222700764968 23
1777653443663 35.8119974419914 24
1777653457170 35.97869714466064 25
1777653470652 35.97869714466064 26
1777653484023 35.97869714466064 27
1777653497310 35.97869714466064 28
1777653510456 35.97869714466064 29
1777653523404 35.97869714466064 30
1777653536969 35.97869714466064 31
1777653550164 35.97869714466064 32
1777653563169 35.97869714466064 33
1777653576461 35.97869714466064 34
1777653589546 35.97869714466064 35
1777653602706 35.97869714466064 36
1777653615764 35.97869714466064 37
1777653628949 35.97869714466064 38
1777653642039 35.97869714466064 39
1777653655659 35.97869714466064 40
1777653668814 35.97869714466064 41
1777653681814 35.97869714466064 42
1777653695012 35.97869714466064 43
1777653708118 35.97869714466064 44
1777653721246 35.97869714466064 45
1777653734438 35.97869714466064 46
1777653747449 35.97869714466064 47
1777653760572 35.97869714466064 48
1777653773718 35.97869714466064 49
1777653786866 35.97869714466064 50
1777653799961 35.97869714466064 51
1777653813230 35.97869714466064 52
1777653826378 35.97869714466064 53
1777653839508 35.97869714466064 54
1777653852750 35.97869714466064 55
1777653865862 35.97869714466064 56
1777653879089 35.97869714466064 57
1777653892383 35.97869714466064 58
1777653905571 35.97869714466064 59
1777653918438 35.97869714466064 60
1777653931721 35.97869714466064 61
1777653944962 35.97869714466064 62
1777653958418 35.97869714466064 63
1777653971628 35.97869714466064 64
1777653984990 35.97869714466064 65
1777653998171 35.97869714466064 66
1777654011475 35.97869714466064 67
1777654024944 35.97869714466064 68
1777654038365 35.97869714466064 69
1777654051725 35.97869714466064 70
1777654065020 35.97869714466064 71
1777654078062 35.97869714466064 72
1777654091157 35.97869714466064 73
1777654104210 35.97869714466064 74
1777654117360 35.97869714466064 75
1777654130542 35.97869714466064 76
1777654143658 35.97869714466064 77
1777654156768 35.97869714466064 78
1777654169879 35.97869714466064 79
1777654183333 35.97869714466064 80
1777654196799 35.97869714466064 81
1777654210223 35.97869714466064 82
1777654223621 35.97869714466064 83
1777654237054 35.97869714466064 84
1777654250466 35.97869714466064 85
1777654263766 35.97869714466064 86
1777654277308 35.97869714466064 87
1777654290620 35.97869714466064 88
1777654303999 35.97869714466064 89
1777654317210 35.97869714466064 90
1777654330289 35.97869714466064 91
1777654343441 35.97869714466064 92
1777654357822 35.97869714466064 93
1777654371223 35.97869714466064 94
1777654384384 35.97869714466064 95
1777654397505 35.97869714466064 96
1777654410827 35.97869714466064 97
1777654424158 35.97869714466064 98
1777654437363 35.97869714466064 99
1777654450712 35.97869714466064 100
1777654463824 35.97869714466064 101
1777654477040 35.97869714466064 102
1777654490138 35.97869714466064 103
1777654503346 35.97869714466064 104
1777654516544 35.97869714466064 105
1777654529771 35.97869714466064 106
1777654543000 35.97869714466064 107
1777654556330 35.97869714466064 108
1777654569486 35.97869714466064 109
1777654582863 35.97869714466064 110
1777654596065 35.97869714466064 111
1777654609286 35.97869714466064 112
1777654622671 35.97869714466064 113
1777654635788 35.97869714466064 114
1777654649092 35.97869714466064 115
1777654662513 35.97869714466064 116
1777654675635 35.97869714466064 117
1777654688876 35.97869714466064 118
1777654702072 35.97869714466064 119
1777654715500 35.97869714466064 120
1777654728685 35.97869714466064 121
1777654742030 35.97869714466064 122
1777654755113 35.97869714466064 123
1777654768205 35.97869714466064 124
1777654781550 35.97869714466064 125
1777654794758 35.97869714466064 126
1777654808074 35.97869714466064 127
1777654821416 35.97869714466064 128
1777654834819 35.97869714466064 129
1777654848514 35.97869714466064 130
1777654862088 35.97869714466064 131
1777654875857 35.97869714466064 132
1777654889427 35.97869714466064 133
1777654902913 35.97869714466064 134
1777654916537 35.97869714466064 135
1777654930134 35.97869714466064 136
1777654943846 35.97869714466064 137
1777654957049 35.97869714466064 138
1777654970438 35.97869714466064 139
1777654983369 35.97869714466064 140
1777654996496 35.97869714466064 141
1777655009592 35.97869714466064 142
1777655022920 35.97869714466064 143
1777655036024 35.97869714466064 144
1777655049322 35.97869714466064 145
1777655062581 35.97869714466064 146
1777655075752 35.97869714466064 147
1777655089140 35.97869714466064 148
1777655102433 35.97869714466064 149
1777655115397 35.97869714466064 150
1777655128796 35.97869714466064 151
1777655142254 35.97869714466064 152
1777655156025 35.97869714466064 153
1777655169346 35.97869714466064 154
1777655182542 35.97869714466064 155
1777655196068 35.97869714466064 156
1777655209493 35.97869714466064 157
1777655223188 35.97869714466064 158
1777655237029 35.97869714466064 159
1777655250418 35.97869714466064 160
1777655263856 35.97869714466064 161
1777655277301 35.97869714466064 162
1777655290978 35.97869714466064 163
1777655304825 35.97869714466064 164
1777655318243 35.97869714466064 165
1777655331529 35.97869714466064 166
1777655344792 35.97869714466064 167
1777655358229 35.97869714466064 168
1777655371562 35.97869714466064 169
1777655385010 35.97869714466064 170
1777655398330 35.97869714466064 171
1777655411885 35.97869714466064 172
1777655425353 35.97869714466064 173
1777655439261 35.97869714466064 174
1777655452750 35.97869714466064 175
1777655466299 35.97869714466064 176
1777655479639 35.97869714466064 177
1777655493020 35.97869714466064 178
1777655506891 35.97869714466064 179
1777655520542 35.97869714466064 180
1777655534168 35.97869714466064 181
1777655547408 35.97869714466064 182
1777655560834 35.97869714466064 183
1777655574396 35.97869714466064 184
1777655588202 35.97869714466064 185
1777655601645 35.97869714466064 186
1777655615033 35.97869714466064 187
1777655628420 35.97869714466064 188
1777655641927 35.97869714466064 189
1777655655551 35.97869714466064 190
1777655669245 35.97869714466064 191
1777655682810 35.97869714466064 192
1777655696267 35.97869714466064 193
1777655709686 35.97869714466064 194
1777655723070 35.97869714466064 195
1777655736827 35.97869714466064 196
1777655750395 35.97869714466064 197
1777655763860 35.97869714466064 198
1777655777458 35.97869714466064 199
1777655790784 35.97869714466064 200
1777655804336 35.97869714466064 201
1777655818210 35.97869714466064 202
1777655831500 35.97869714466064 203
1777655845053 35.97869714466064 204
1777655858449 35.97869714466064 205
1777655871742 35.97869714466064 206
1777655885120 35.97869714466064 207
1777655898554 35.97869714466064 208
1777655911854 35.97869714466064 209
1777655925278 35.97869714466064 210
1777655938730 35.97869714466064 211
1777655952030 35.97869714466064 212
1777655965526 35.97869714466064 213
1777655978887 35.97869714466064 214
1777655992314 35.97869714466064 215
1777656005697 35.97869714466064 216
1777656019015 35.97869714466064 217
1777656032265 35.97869714466064 218
1777656045720 35.97869714466064 219
1777656058641 35.97869714466064 220
1777656072110 35.97869714466064 221
1777656085393 35.97869714466064 222
1777656098812 35.97869714466064 223
1777656112260 35.97869714466064 224
1777656125565 35.97869714466064 225
1777656139008 35.97869714466064 226
1777656152256 35.97869714466064 227
1777656165843 35.97869714466064 228
1777656179111 35.97869714466064 229
1777656192449 35.97869714466064 230
1777656205896 35.97869714466064 231
1777656219180 35.97869714466064 232
1777656232655 35.97869714466064 233
1777656246457 35.97869714466064 234
1777656260077 35.97869714466064 235
1777656273718 35.97869714466064 236
1777656287376 35.97869714466064 237
1777656301109 35.97869714466064 238
1777656314964 35.97869714466064 239
1777656328725 35.97869714466064 240
1777656342367 35.97869714466064 241
1777656355999 35.97869714466064 242
1777656369805 35.97869714466064 243
1777656383561 35.97869714466064 244
1777656396925 35.97869714466064 245
1777656410303 35.97869714466064 246
1777656423725 35.97869714466064 247
1777656437055 35.97869714466064 248
1777656450390 35.97869714466064 249
1777656463774 35.97869714466064 250
1777656477248 35.97869714466064 251
1777656490434 35.97869714466064 252
1777656503656 35.97869714466064 253
1777656516882 35.97869714466064 254
1777656530236 35.97869714466064 255
1777656543445 35.97869714466064 256
1777656556774 35.97869714466064 257
1777656569869 35.97869714466064 258
1777656583024 35.97869714466064 259
1777656596235 35.97869714466064 260
1777656609405 35.97869714466064 261
1777656622767 35.97869714466064 262
1777656636042 35.97869714466064 263
1777656649368 35.97869714466064 264
1777656662733 35.97869714466064 265
1777656675865 35.97869714466064 266
1777656688969 35.97869714466064 267
1777656702173 35.97869714466064 268
1777656715440 35.97869714466064 269
1777656728916 35.97869714466064 270
1777656742121 35.97869714466064 271
1777656755382 35.97869714466064 272
1777656768717 35.97869714466064 273
1777656782156 35.97869714466064 274
1777656795344 35.97869714466064 275
1777656808661 35.97869714466064 276
1777656821930 35.97869714466064 277
1777656835115 35.97869714466064 278
1777656848576 35.97869714466064 279
1777656861841 35.97869714466064 280
1777656875191 35.97869714466064 281
1777656888470 35.97869714466064 282
1777656901810 35.97869714466064 283
1777656915433 35.97869714466064 284
1777656929115 35.97869714466064 285
1777656942690 35.97869714466064 286
1777656956246 35.97869714466064 287
1777656969891 35.97869714466064 288
1777656983274 35.97869714466064 289
1777656996837 35.97869714466064 290
1777657010594 35.97869714466064 291
1777657024058 35.97869714466064 292
1777657037894 35.97869714466064 293
1777657051366 35.97869714466064 294
1777657064618 35.97869714466064 295
1777657077832 35.97869714466064 296
1777657091141 35.97869714466064 297
1777657104364 35.97869714466064 298
1777657117494 35.97869714466064 299
1777657130823 35.97869714466064 300
1777657143990 35.97869714466064 301
1777657157133 35.97869714466064 302
1777657170369 35.97869714466064 303
1777657183706 35.97869714466064 304
1777657196801 35.97869714466064 305
1777657210084 35.97869714466064 306
1777657223288 35.97869714466064 307
1777657236613 35.97869714466064 308
1777657249964 35.97869714466064 309
1777657263338 35.97869714466064 310
1777657276580 35.97869714466064 311
1777657289857 35.97869714466064 312
1777657303082 35.97869714466064 313
1777657316325 35.97869714466064 314
1777657329642 35.97869714466064 315
1777657343077 35.97869714466064 316
1777657356292 35.97869714466064 317
1777657369585 35.97869714466064 318
1777657382709 35.97869714466064 319
1777657396076 35.97869714466064 320
1777657409190 35.97869714466064 321
1777657422709 35.97869714466064 322
1777657435990 35.97869714466064 323
1777657449248 35.97869714466064 324
1777657462482 35.97869714466064 325
1777657475784 35.97869714466064 326
1777657489282 35.97869714466064 327
1777657502382 35.97869714466064 328
1777657515543 35.97869714466064 329
1777657528938 35.97869714466064 330
1777657542220 35.97869714466064 331
1777657555397 35.97869714466064 332
1777657568835 35.97869714466064 333
1777657582511 35.97869714466064 334
1777657597449 35.97869714466064 335
1777657612435 35.97869714466064 336
1777657627444 35.97869714466064 337
1777657642358 35.97869714466064 338
1777657657408 35.97869714466064 339
1777657672699 35.97869714466064 340
1777657687743 35.97869714466064 341
1777657702574 35.97869714466064 342
1777657717300 35.97869714466064 343
1777657731979 35.97869714466064 344
1777657745749 35.97869714466064 345
1777657759516 35.97869714466064 346
1777657773237 35.97869714466064 347
1777657786730 35.97869714466064 348
1777657800748 35.97869714466064 349
1777657814616 35.97869714466064 350
1777657829172 35.97869714466064 351
1777657843820 35.97869714466064 352
1777657858447 35.97869714466064 353
1777657873572 35.97869714466064 354
1777657888414 35.97869714466064 355
1777657902829 35.97869714466064 356
1777657917552 35.97869714466064 357
1777657931944 35.97869714466064 358
1777657946388 35.97869714466064 359
1777657960822 35.97869714466064 360
1777657975375 35.97869714466064 361
1777657989258 35.97869714466064 362
1777658003566 35.97869714466064 363
1777658017862 35.97869714466064 364
1777658032107 35.97869714466064 365
1777658046401 35.97869714466064 366
1777658060888 35.97869714466064 367
1777658075639 35.97869714466064 368
1777658090032 35.97869714466064 369
1777658104401 35.97869714466064 370
1777658118765 35.97869714466064 371
1777658133213 35.97869714466064 372
1777658147196 35.97869714466064 373
1777658160994 35.97869714466064 374
1777658174222 35.97869714466064 375
1777658189251 35.97869714466064 376
1777658204113 35.97869714466064 377
1777658218722 35.97869714466064 378
1777658233215 35.97869714466064 379
1777658246595 35.97869714466064 380
1777658259953 35.97869714466064 381
1777658273193 35.97869714466064 382
1777658286353 35.97869714466064 383
1777658299974 35.97869714466064 384
1777658313495 35.97869714466064 385
1777658327237 35.97869714466064 386
1777658340698 35.97869714466064 387
1777658354125 35.97869714466064 388
1777658367658 35.97869714466064 389
1777658381339 35.97869714466064 390
1777658394870 35.97869714466064 391
1777658408685 35.97869714466064 392
1777658422147 35.97869714466064 393
1777658435683 35.97869714466064 394
1777658449109 35.97869714466064 395
1777658462283 35.97869714466064 396
1777658475644 35.97869714466064 397
1777658489083 35.97869714466064 398
1777658502338 35.97869714466064 399
1777658515555 35.97869714466064 400
1777658528974 35.97869714466064 401
1777658542245 35.97869714466064 402
1777658555457 35.97869714466064 403
1777658568882 35.97869714466064 404
1777658582026 35.97869714466064 405
1777658595343 35.97869714466064 406
1777658608502 35.97869714466064 407
1777658621644 35.97869714466064 408
1777658635008 35.97869714466064 409
1777658648235 35.97869714466064 410
1777658661428 35.97869714466064 411
1777658674667 35.97869714466064 412
1777658687883 35.97869714466064 413
1777658701303 35.97869714466064 414
1777658714446 35.97869714466064 415
1777658727784 35.97869714466064 416
1777658741044 35.97869714466064 417
1777658754303 35.97869714466064 418
1777658767562 35.97869714466064 419
1777658780816 35.97869714466064 420
1777658793996 35.97869714466064 421
1777658807438 35.97869714466064 422
1777658820635 35.97869714466064 423
1777658833875 35.97869714466064 424
1777658847140 35.97869714466064 425
1777658860315 35.97869714466064 426
1777658873791 35.97869714466064 427
1777658886919 35.97869714466064 428
1777658900130 35.97869714466064 429
1777658913290 35.97869714466064 430
1777658926588 35.97869714466064 431
1777658939827 35.97869714466064 432
1777658953039 35.97869714466064 433
1777658966542 35.97869714466064 434
1777658980185 35.97869714466064 435
1777658993627 35.97869714466064 436
1777659007158 35.97869714466064 437
1777659020589 35.97869714466064 438
1777659033962 35.97869714466064 439
1777659047725 35.97869714466064 440
1777659061186 35.97869714466064 441
1777659074669 35.97869714466064 442
1777659088235 35.97869714466064 443
1777659101834 35.97869714466064 444
1777659115102 35.97869714466064 445
1777659128187 35.97869714466064 446
1777659141347 35.97869714466064 447
1777659154489 35.97869714466064 448
1777659167809 35.97869714466064 449
1777659180950 35.97869714466064 450
1777659194179 35.97869714466064 451
1777659207513 35.97869714466064 452
1777659220712 35.97869714466064 453
1777659233925 35.97869714466064 454
1777659247197 35.97869714466064 455
1777659260365 35.97869714466064 456
1777659273615 35.97869714466064 457
1777659286773 35.97869714466064 458
1777659299933 35.97869714466064 459
1777659313289 35.97869714466064 460
1777659326506 35.97869714466064 461
1777659339818 35.97869714466064 462
1777659353130 35.97869714466064 463
1777659366293 35.97869714466064 464
1777659379384 35.97869714466064 465
1777659392563 35.97869714466064 466
1777659405910 35.97869714466064 467
1777659419078 35.97869714466064 468
1777659432386 35.97869714466064 469
1777659445666 35.97869714466064 470
1777659458953 35.97869714466064 471
1777659472207 35.97869714466064 472
1777659485553 35.97869714466064 473
1777659498859 35.97869714466064 474
1777659512133 35.97869714466064 475
1777659525375 35.97869714466064 476
1777659538618 35.97869714466064 477
1777659551784 35.97869714466064 478
1777659565210 35.97869714466064 479
1777659578564 35.97869714466064 480
1777659591785 35.97869714466064 481
1777659605240 35.97869714466064 482
1777659618430 35.97869714466064 483
1777659631987 35.97869714466064 484
1777659645762 35.97869714466064 485
1777659659433 35.97869714466064 486
1777659673000 35.97869714466064 487
1777659686525 35.97869714466064 488
1777659700218 35.97869714466064 489
1777659713758 35.97869714466064 490
1777659727195 35.97869714466064 491
1777659740809 35.97869714466064 492
1777659754646 35.97869714466064 493
1777659768264 35.97869714466064 494
1777659781416 35.97869714466064 495
1777659794588 35.97869714466064 496
1777659808003 35.97869714466064 497
1777659821288 35.97869714466064 498
1777659834530 35.97869714466064 499
1777659847500 35.97869714466064 500
1777659860161 35.97869714466064 501
1777659872893 35.97869714466064 502
1777659885538 35.97869714466064 503
1777659898517 35.30926678329593 504
1777659911099 35.30926678329593 505
1777659923779 35.30926678329593 506
1777659936611 35.30926678329593 507
1777659949096 35.30926678329593 508
1777659961636 35.30926678329593 509
1777659974496 35.30926678329593 510
1777659986960 35.30926678329593 511
1777659999542 35.30926678329593 512
1777660011978 35.30926678329593 513
1777660024596 35.30926678329593 514
1777660037324 35.30926678329593 515
1777660049832 35.30926678329593 516
1777660062329 35.30926678329593 517
1777660074937 35.30926678329593 518
1777660087477 35.30926678329593 519
1777660099914 35.30926678329593 520
1777660112619 35.30926678329593 521
1777660125150 35.30926678329593 522
1777660137615 35.30926678329593 523
1777660150281 17.766727955652748 524
1777660162695 17.766727955652748 525
1777660175245 17.766727955652748 526
1777660187762 17.766727955652748 527
1777660200328 17.766727955652748 528
1777660212964 17.766727955652748 529
1777660225520 17.766727955652748 530
1777660238060 17.766727955652748 531
1777660250754 17.766727955652748 532
1777660263554 17.766727955652748 533
1777660276332 17.766727955652748 534
1777660289184 17.766727955652748 535
1777660301916 17.766727955652748 536
1777660314657 17.766727955652748 537
1777660327377 17.766727955652748 538
1777660340259 17.766727955652748 539
1777660353009 17.766727955652748 540
1777660365829 17.766727955652748 541
1777660378543 17.766727955652748 542
1777660391363 17.766727955652748 543
1777660404094 17.766727955652748 544
1777660416684 17.766727955652748 545
1777660429129 17.766727955652748 546
1777660441718 17.766727955652748 547
1777660454318 17.766727955652748 548
1777660466656 17.766727955652748 549
1777660479304 17.766727955652748 550
1777660491877 17.766727955652748 551
1777660504282 17.766727955652748 552
1777660516726 17.766727955652748 553
1777660529392 17.766727955652748 554
1777660541930 17.766727955652748 555
1777660554363 17.766727955652748 556
1777660567093 17.766727955652748 557
1777660579642 17.766727955652748 558
1777660592236 17.766727955652748 559
1777660604758 17.766727955652748 560
1777660617159 17.766727955652748 561
1777660629771 17.766727955652748 562
1777660642273 17.766727955652748 563
1777660654969 17.766727955652748 564
1777660667416 17.766727955652748 565
1777660679881 17.766727955652748 566
1777660692258 17.766727955652748 567
1777660704899 17.766727955652748 568
1777660717447 17.766727955652748 569
1777660729953 17.766727955652748 570
1777660742607 17.766727955652748 571
1777660755138 17.766727955652748 572
1777660767555 17.766727955652748 573
1777660780433 17.766727955652748 574
1777660793024 17.766727955652748 575
1777660805514 17.766727955652748 576
1777660817968 17.766727955652748 577
1777660830593 17.766727955652748 578
1777660842995 17.766727955652748 579
1777660855605 17.766727955652748 580
1777660868328 17.766727955652748 581
1777660880863 17.766727955652748 582
1777660893598 17.766727955652748 583
1777660906370 17.766727955652748 584
1777660919178 17.766727955652748 585
1777660932166 17.766727955652748 586
1777660944864 17.766727955652748 587
1777660957646 17.766727955652748 588
1777660970481 17.766727955652748 589
1777660983411 17.766727955652748 590
1777660996090 17.766727955652748 591
1777661008887 17.766727955652748 592
1777661021830 17.766727955652748 593
1777661034572 17.766727955652748 594
1777661047146 17.766727955652748 595
1777661059687 17.766727955652748 596
1777661072482 17.766727955652748 597
1777661085216 17.766727955652748 598
1777661097567 17.766727955652748 599
1777661110047 17.766727955652748 600
1777661122664 17.766727955652748 601
1777661135242 17.766727955652748 602
1777661147795 17.766727955652748 603
1777661160305 17.766727955652748 604
1777661172868 17.766727955652748 605
1777661185230 17.766727955652748 606
1777661197897 17.766727955652748 607
1777661210456 17.766727955652748 608
1777661223026 17.766727955652748 609
1777661235644 17.766727955652748 610
1777661248308 17.766727955652748 611
1777661260880 17.766727955652748 612
1777661273396 17.766727955652748 613
1777661286294 13.197424247735135 614
1777661299629 13.197424247735135 615
1777661315489 13.197424247735135 616
1777661330092 13.197424247735135 617
1777661344381 13.197424247735135 618
1777661359725 13.197424247735135 619
1777661374543 13.197424247735135 620
1777661388989 13.197424247735135 621
1777661403431 13.197424247735135 622
1777661417262 13.197424247735135 623
1777661431206 13.197424247735135 624
1777661445241 13.197424247735135 625
1777661459046 13.197424247735135 626
1777661473049 13.197424247735135 627
1777661486934 13.197424247735135 628
1777661501312 13.197424247735135 629
1777661515151 13.197424247735135 630
1777661529147 13.197424247735135 631
1777661543104 13.197424247735135 632
1777661557206 13.197424247735135 633
1777661571490 13.197424247735135 634
1777661585785 13.197424247735135 635
1777661600546 13.197424247735135 636
1777661615234 13.197424247735135 637
1777661629734 13.197424247735135 638
1777661643617 13.197424247735135 639
1777661657709 13.197424247735135 640
1777661670882 13.197424247735135 641
