1777653127216 nan 0
1777653140789 nan 1
1777653154055 nan 2
1777653167400 nan 3
1777653180620 nan 4
1777653194098 nan 5
1777653207872 nan 6
1777653221242 nan 7
1777653234322 nan 8
1777653247499 -1623.3222700764968 9
1777653260425 -1623.3222700764968 10
1777653273267 -1623.3222700764968 11
1777653286378 -1623.3222700764968 12
1777653299323 -1623.3222700764968 13
1777653312381 -1623.3222700764968 14
1777653325538 -1623.3222700764968 15
1777653338560 -1623.3222700764968 16
1777653351640 -1623.3222700764968 17
1777653364655 -1623.3222700764968 18
1777653377831 -1651.7135574106962 19
1777653390689 -1651.7135574106962 20
1777653403703 -1651.7135574106962 21
1777653417114 -1651.7135574106962 22
1777653430352 -1651.7135574106962 23
1777653443663 -1651.7135574106962 24
1777653457170 -1651.7135574106962 25
1777653470652 -1651.7135574106962 26
1777653484023 -1651.7135574106962 27
1777653497310 -1651.7135574106962 28
1777653510456 -1651.7135574106962 29
1777653523404 -1651.7135574106962 30
1777653536969 -1651.7135574106962 31
1777653550164 -1651.7135574106962 32
1777653563169 -1651.7135574106962 33
1777653576461 -1651.7135574106962 34
1777653589546 -1651.7135574106962 35
1777653602706 -1651.7135574106962 36
1777653615764 -1651.7135574106962 37
1777653628949 -1651.7135574106962 38
1777653642039 -1651.7135574106962 39
1777653655659 -1651.7135574106962 40
1777653668814 -1651.7135574106962 41
1777653681814 -1651.7135574106962 42
1777653695012 -1651.7135574106962 43
1777653708118 -1651.7135574106962 44
1777653721246 -1651.7135574106962 45
1777653734438 -1651.7135574106962 46
1777653747449 -1651.7135574106962 47
1777653760572 -1651.7135574106962 48
1777653773718 -1651.7135574106962 49
1777653786866 -1869.0867420143277 50
1777653799961 -1869.0867420143277 51
1777653813230 -1869.0867420143277 52
1777653826378 -1869.0867420143277 53
1777653839508 -1869.0867420143277 54
1777653852750 -1869.0867420143277 55
1777653865862 -1869.0867420143277 56
1777653879089 -1869.0867420143277 57
1777653892383 -1869.0867420143277 58
1777653905571 -1869.0867420143277 59
1777653918438 -1869.0867420143277 60
1777653931721 -1869.0867420143277 61
1777653944962 -1869.0867420143277 62
1777653958418 -1869.0867420143277 63
1777653971628 -1869.0867420143277 64
1777653984990 -1869.0867420143277 65
1777653998171 -1869.0867420143277 66
1777654011475 -1869.0867420143277 67
1777654024944 -1869.0867420143277 68
1777654038365 -1869.0867420143277 69
1777654051725 -1869.0867420143277 70
1777654065020 -1869.0867420143277 71
1777654078062 -1869.0867420143277 72
1777654091157 -1869.0867420143277 73
1777654104210 -1869.0867420143277 74
1777654117360 -1869.0867420143277 75
1777654130542 -1869.0867420143277 76
1777654143658 -1869.0867420143277 77
1777654156768 -1869.0867420143277 78
1777654169879 -1869.0867420143277 79
1777654183333 -1869.0867420143277 80
1777654196799 -1869.0867420143277 81
1777654210223 -1869.0867420143277 82
1777654223621 -1869.0867420143277 83
1777654237054 -1869.0867420143277 84
1777654250466 -1869.0867420143277 85
1777654263766 -1869.0867420143277 86
1777654277308 -1869.0867420143277 87
1777654290620 -1869.0867420143277 88
1777654303999 -1869.0867420143277 89
1777654317210 -1869.0867420143277 90
1777654330289 -1869.0867420143277 91
1777654343441 -1869.0867420143277 92
1777654357822 -1869.0867420143277 93
1777654371223 -1869.0867420143277 94
1777654384384 -1869.0867420143277 95
1777654397505 -1869.0867420143277 96
1777654410827 -1869.0867420143277 97
1777654424158 -1869.0867420143277 98
1777654437363 -1869.0867420143277 99
1777654450712 -1869.0867420143277 100
1777654463824 -1869.0867420143277 101
1777654477040 -1869.0867420143277 102
1777654490138 -1869.0867420143277 103
1777654503346 -1869.0867420143277 104
1777654516544 -1869.0867420143277 105
1777654529771 -1869.0867420143277 106
1777654543000 -1869.0867420143277 107
1777654556330 -1869.0867420143277 108
1777654569486 -1869.0867420143277 109
1777654582863 -1869.0867420143277 110
1777654596065 -1869.0867420143277 111
1777654609286 -1869.0867420143277 112
1777654622671 -1869.0867420143277 113
1777654635788 -1869.0867420143277 114
1777654649092 -1869.0867420143277 115
1777654662513 -1869.0867420143277 116
1777654675635 -1869.0867420143277 117
1777654688876 -1869.0867420143277 118
1777654702072 -1869.0867420143277 119
1777654715500 -1869.0867420143277 120
1777654728685 -1869.0867420143277 121
1777654742030 -1869.0867420143277 122
1777654755113 -1869.0867420143277 123
1777654768205 -1869.0867420143277 124
1777654781550 -1869.0867420143277 125
1777654794758 -1869.0867420143277 126
1777654808074 -1869.0867420143277 127
1777654821416 -1869.0867420143277 128
1777654834819 -1869.0867420143277 129
1777654848514 -1869.0867420143277 130
1777654862088 -1869.0867420143277 131
1777654875857 -1869.0867420143277 132
1777654889427 -1869.0867420143277 133
1777654902913 -1869.0867420143277 134
1777654916537 -1869.0867420143277 135
1777654930134 -1869.0867420143277 136
1777654943846 -1869.0867420143277 137
1777654957049 -1869.0867420143277 138
1777654970438 -1869.0867420143277 139
1777654983369 -1869.0867420143277 140
1777654996496 -1869.0867420143277 141
1777655009592 -1869.0867420143277 142
1777655022920 -1869.0867420143277 143
1777655036024 -1869.0867420143277 144
1777655049322 -1869.0867420143277 145
1777655062581 -1869.0867420143277 146
1777655075752 -1869.0867420143277 147
1777655089140 -1869.0867420143277 148
1777655102433 -1943.555802790052 149
1777655115397 -1943.555802790052 150
1777655128796 -1943.555802790052 151
1777655142254 -1943.555802790052 152
1777655156025 -1943.555802790052 153
1777655169346 -1943.555802790052 154
1777655182542 -1943.555802790052 155
1777655196068 -1943.555802790052 156
1777655209493 -1943.555802790052 157
1777655223188 -1943.555802790052 158
1777655237029 -1943.555802790052 159
1777655250418 -1943.555802790052 160
1777655263856 -1943.555802790052 161
1777655277301 -1943.555802790052 162
1777655290978 -1943.555802790052 163
1777655304825 -1943.555802790052 164
1777655318243 -1943.555802790052 165
1777655331529 -1943.555802790052 166
1777655344792 -1943.555802790052 167
1777655358229 -1943.555802790052 168
1777655371562 -1943.555802790052 169
1777655385010 -1943.555802790052 170
1777655398330 -1943.555802790052 171
1777655411885 -1943.555802790052 172
1777655425353 -1943.555802790052 173
1777655439261 -1943.555802790052 174
1777655452750 -1943.555802790052 175
1777655466299 -1943.555802790052 176
1777655479639 -1943.555802790052 177
1777655493020 -1943.555802790052 178
1777655506891 -1943.555802790052 179
1777655520542 -1943.555802790052 180
1777655534168 -1943.555802790052 181
1777655547408 -1943.555802790052 182
1777655560834 -1943.555802790052 183
1777655574396 -1943.555802790052 184
1777655588202 -1943.555802790052 185
1777655601645 -1943.555802790052 186
1777655615033 -1943.555802790052 187
1777655628420 -1943.555802790052 188
1777655641927 -1943.555802790052 189
1777655655551 -1943.555802790052 190
1777655669245 -1943.555802790052 191
1777655682810 -1943.555802790052 192
1777655696267 -1943.555802790052 193
1777655709686 -1943.555802790052 194
1777655723070 -1943.555802790052 195
1777655736827 -1943.555802790052 196
1777655750395 -1943.555802790052 197
1777655763860 -1943.555802790052 198
1777655777458 -1943.555802790052 199
1777655790784 -1943.555802790052 200
1777655804336 -1943.555802790052 201
1777655818210 -1943.555802790052 202
1777655831500 -1943.555802790052 203
1777655845053 -1943.555802790052 204
1777655858449 -1943.555802790052 205
1777655871742 -1943.555802790052 206
1777655885120 -1943.555802790052 207
1777655898554 -1943.555802790052 208
1777655911854 -1943.555802790052 209
1777655925278 -1943.555802790052 210
1777655938730 -1943.555802790052 211
1777655952030 -1943.555802790052 212
1777655965526 -1943.555802790052 213
1777655978887 -1943.555802790052 214
1777655992314 -1943.555802790052 215
1777656005697 -1943.555802790052 216
1777656019015 -1943.555802790052 217
1777656032265 -1943.555802790052 218
1777656045720 -1943.555802790052 219
1777656058641 -1943.555802790052 220
1777656072110 -1943.555802790052 221
1777656085393 -1943.555802790052 222
1777656098812 -1943.555802790052 223
1777656112260 -1943.555802790052 224
1777656125565 -1943.555802790052 225
1777656139008 -1943.555802790052 226
1777656152256 -1943.555802790052 227
1777656165843 -1943.555802790052 228
1777656179111 -1943.555802790052 229
1777656192449 -1943.555802790052 230
1777656205896 -1943.555802790052 231
1777656219180 -1943.555802790052 232
1777656232655 -1943.555802790052 233
1777656246457 -1943.555802790052 234
1777656260077 -1943.555802790052 235
1777656273718 -1943.555802790052 236
1777656287376 -1943.555802790052 237
1777656301109 -1943.555802790052 238
1777656314964 -1943.555802790052 239
1777656328725 -1943.555802790052 240
1777656342367 -1943.555802790052 241
1777656355999 -1943.555802790052 242
1777656369805 -1943.555802790052 243
1777656383561 -1943.555802790052 244
1777656396925 -1943.555802790052 245
1777656410303 -1943.555802790052 246
1777656423725 -1943.555802790052 247
1777656437055 -1943.555802790052 248
1777656450390 -1943.555802790052 249
1777656463774 -1943.555802790052 250
1777656477248 -1943.555802790052 251
1777656490434 -1943.555802790052 252
1777656503656 -1943.555802790052 253
1777656516882 -1943.555802790052 254
1777656530236 -1943.555802790052 255
1777656543445 -1943.555802790052 256
1777656556774 -1943.555802790052 257
1777656569869 -1943.555802790052 258
1777656583024 -1943.555802790052 259
1777656596235 -1943.555802790052 260
1777656609405 -1943.555802790052 261
1777656622767 -1943.555802790052 262
1777656636042 -1943.555802790052 263
1777656649368 -1943.555802790052 264
1777656662733 -1943.555802790052 265
1777656675865 -1943.555802790052 266
1777656688969 -1943.555802790052 267
1777656702173 -1943.555802790052 268
1777656715440 -1943.555802790052 269
1777656728916 -1943.555802790052 270
1777656742121 -1943.555802790052 271
1777656755382 -1943.555802790052 272
1777656768717 -1943.555802790052 273
1777656782156 -1943.555802790052 274
1777656795344 -1943.555802790052 275
1777656808661 -1943.555802790052 276
1777656821930 -1943.555802790052 277
1777656835115 -1943.555802790052 278
1777656848576 -1943.555802790052 279
1777656861841 -1943.555802790052 280
1777656875191 -1943.555802790052 281
1777656888470 -1943.555802790052 282
1777656901810 -1943.555802790052 283
1777656915433 -1943.555802790052 284
1777656929115 -1943.555802790052 285
1777656942690 -1943.555802790052 286
1777656956246 -1943.555802790052 287
1777656969891 -1943.555802790052 288
1777656983274 -1943.555802790052 289
1777656996837 -1943.555802790052 290
1777657010594 -1943.555802790052 291
1777657024058 -1943.555802790052 292
1777657037894 -1943.555802790052 293
1777657051366 -1943.555802790052 294
1777657064618 -1943.555802790052 295
1777657077832 -1943.555802790052 296
1777657091141 -1943.555802790052 297
1777657104364 -1943.555802790052 298
1777657117494 -1943.555802790052 299
1777657130823 -1943.555802790052 300
1777657143990 -1943.555802790052 301
1777657157133 -1943.555802790052 302
1777657170369 -1943.555802790052 303
1777657183706 -1943.555802790052 304
1777657196801 -1943.555802790052 305
1777657210084 -1943.555802790052 306
1777657223288 -1943.555802790052 307
1777657236613 -1943.555802790052 308
1777657249964 -1943.555802790052 309
1777657263338 -1943.555802790052 310
1777657276580 -1943.555802790052 311
1777657289857 -1943.555802790052 312
1777657303082 -1943.555802790052 313
1777657316325 -1943.555802790052 314
1777657329642 -1943.555802790052 315
1777657343077 -1943.555802790052 316
1777657356292 -1943.555802790052 317
1777657369585 -1943.555802790052 318
1777657382709 -1943.555802790052 319
1777657396076 -1943.555802790052 320
1777657409190 -1943.555802790052 321
1777657422709 -1943.555802790052 322
1777657435990 -1943.555802790052 323
1777657449248 -1943.555802790052 324
1777657462482 -1943.555802790052 325
1777657475784 -1943.555802790052 326
1777657489282 -1943.555802790052 327
1777657502382 -1943.555802790052 328
1777657515543 -1943.555802790052 329
1777657528938 -1943.555802790052 330
1777657542220 -1943.555802790052 331
1777657555397 -1943.555802790052 332
1777657568835 -1943.555802790052 333
1777657582511 -1943.555802790052 334
1777657597449 -1943.555802790052 335
1777657612435 -1943.555802790052 336
1777657627444 -1943.555802790052 337
1777657642358 -1943.555802790052 338
1777657657408 -1943.555802790052 339
1777657672699 -1943.555802790052 340
1777657687743 -1943.555802790052 341
1777657702574 -1943.555802790052 342
1777657717300 -1943.555802790052 343
1777657731979 -1943.555802790052 344
1777657745749 -1943.555802790052 345
1777657759516 -1943.555802790052 346
1777657773237 -1943.555802790052 347
1777657786730 -1943.555802790052 348
1777657800748 -1943.555802790052 349
1777657814616 -1943.555802790052 350
1777657829172 -1943.555802790052 351
1777657843820 -1943.555802790052 352
1777657858447 -1943.555802790052 353
1777657873572 -1943.555802790052 354
1777657888414 -1943.555802790052 355
1777657902829 -1943.555802790052 356
1777657917552 -1943.555802790052 357
1777657931944 -1943.555802790052 358
1777657946388 -1943.555802790052 359
1777657960822 -1943.555802790052 360
1777657975375 -1943.555802790052 361
1777657989258 -1943.555802790052 362
1777658003566 -1943.555802790052 363
1777658017862 -1943.555802790052 364
1777658032107 -1943.555802790052 365
1777658046401 -1943.555802790052 366
1777658060888 -1943.555802790052 367
1777658075639 -1943.555802790052 368
1777658090032 -1943.555802790052 369
1777658104401 -1943.555802790052 370
1777658118765 -1943.555802790052 371
1777658133213 -1943.555802790052 372
1777658147196 -1943.555802790052 373
1777658160994 -1943.555802790052 374
1777658174222 -1943.555802790052 375
1777658189251 -1943.555802790052 376
1777658204113 -1943.555802790052 377
1777658218722 -1943.555802790052 378
1777658233215 -1943.555802790052 379
1777658246595 -1943.555802790052 380
1777658259953 -1943.555802790052 381
1777658273193 -1943.555802790052 382
1777658286353 -1943.555802790052 383
1777658299974 -1943.555802790052 384
1777658313495 -1943.555802790052 385
1777658327237 -1943.555802790052 386
1777658340698 -1943.555802790052 387
1777658354125 -1943.555802790052 388
1777658367658 -1943.555802790052 389
1777658381339 -1943.555802790052 390
1777658394870 -1943.555802790052 391
1777658408685 -1943.555802790052 392
1777658422147 -1943.555802790052 393
1777658435683 -1943.555802790052 394
1777658449109 -1943.555802790052 395
1777658462283 -1943.555802790052 396
1777658475644 -1943.555802790052 397
1777658489083 -1943.555802790052 398
1777658502338 -1943.555802790052 399
1777658515555 -1943.555802790052 400
1777658528974 -1943.555802790052 401
1777658542245 -1943.555802790052 402
1777658555457 -1943.555802790052 403
1777658568882 -1943.555802790052 404
1777658582026 -1943.555802790052 405
1777658595343 -1943.555802790052 406
1777658608502 -1943.555802790052 407
1777658621644 -1943.555802790052 408
1777658635008 -1943.555802790052 409
1777658648235 -1943.555802790052 410
1777658661428 -1943.555802790052 411
1777658674667 -1943.555802790052 412
1777658687883 -1943.555802790052 413
1777658701303 -1943.555802790052 414
1777658714446 -1943.555802790052 415
1777658727784 -1943.555802790052 416
1777658741044 -1943.555802790052 417
1777658754303 -1943.555802790052 418
1777658767562 -1943.555802790052 419
1777658780816 -1943.555802790052 420
1777658793996 -1943.555802790052 421
1777658807438 -1943.555802790052 422
1777658820635 -1943.555802790052 423
1777658833875 -1943.555802790052 424
1777658847140 -1943.555802790052 425
1777658860315 -1943.555802790052 426
1777658873791 -1943.555802790052 427
1777658886919 -1943.555802790052 428
1777658900130 -1943.555802790052 429
1777658913290 -1943.555802790052 430
1777658926588 -1943.555802790052 431
1777658939827 -1943.555802790052 432
1777658953039 -1943.555802790052 433
1777658966542 -1943.555802790052 434
1777658980185 -1943.555802790052 435
1777658993627 -1943.555802790052 436
1777659007158 -1943.555802790052 437
1777659020589 -1943.555802790052 438
1777659033962 -1943.555802790052 439
1777659047725 -1943.555802790052 440
1777659061186 -1943.555802790052 441
1777659074669 -1943.555802790052 442
1777659088235 -1943.555802790052 443
1777659101834 -1943.555802790052 444
1777659115102 -1943.555802790052 445
1777659128187 -1943.555802790052 446
1777659141347 -1943.555802790052 447
1777659154489 -1943.555802790052 448
1777659167809 -1943.555802790052 449
1777659180950 -1943.555802790052 450
1777659194179 -1943.555802790052 451
1777659207513 -1943.555802790052 452
1777659220712 -1943.555802790052 453
1777659233925 -1943.555802790052 454
1777659247197 -1943.555802790052 455
1777659260365 -1943.555802790052 456
1777659273615 -1943.555802790052 457
1777659286773 -1943.555802790052 458
1777659299933 -1943.555802790052 459
1777659313289 -1943.555802790052 460
1777659326506 -1943.555802790052 461
1777659339818 -1943.555802790052 462
1777659353130 -1943.555802790052 463
1777659366293 -1943.555802790052 464
1777659379384 -1943.555802790052 465
1777659392563 -1943.555802790052 466
1777659405910 -1943.555802790052 467
1777659419078 -1943.555802790052 468
1777659432386 -1943.555802790052 469
1777659445666 -1943.555802790052 470
1777659458953 -1943.555802790052 471
1777659472207 -1943.555802790052 472
1777659485553 -1943.555802790052 473
1777659498859 -1943.555802790052 474
1777659512133 -1943.555802790052 475
1777659525375 -1943.555802790052 476
1777659538618 -1943.555802790052 477
1777659551784 -1943.555802790052 478
1777659565210 -1943.555802790052 479
1777659578564 -1943.555802790052 480
1777659591785 -1943.555802790052 481
1777659605240 -1943.555802790052 482
1777659618430 -1943.555802790052 483
1777659631987 -1943.555802790052 484
1777659645762 -1943.555802790052 485
1777659659433 -1943.555802790052 486
1777659673000 -1943.555802790052 487
1777659686525 -1943.555802790052 488
1777659700218 -1943.555802790052 489
1777659713758 -1943.555802790052 490
1777659727195 -1943.555802790052 491
1777659740809 -1943.555802790052 492
1777659754646 -1943.555802790052 493
1777659768264 -1943.555802790052 494
1777659781416 -1943.555802790052 495
1777659794588 -1943.555802790052 496
1777659808003 -1943.555802790052 497
1777659821288 -1943.555802790052 498
1777659834530 -1943.555802790052 499
1777659847500 -1943.555802790052 500
1777659860161 -1943.555802790052 501
1777659872893 -1943.555802790052 502
1777659885538 -1943.555802790052 503
1777659898517 -1943.555802790052 504
1777659911099 -1943.555802790052 505
1777659923779 -1943.555802790052 506
1777659936611 -1943.555802790052 507
1777659949096 -1943.555802790052 508
1777659961636 -1943.555802790052 509
1777659974496 -1943.555802790052 510
1777659986960 -1943.555802790052 511
1777659999542 -1943.555802790052 512
1777660011978 -1943.555802790052 513
1777660024596 -1943.555802790052 514
1777660037324 -1943.555802790052 515
1777660049832 -1943.555802790052 516
1777660062329 -1943.555802790052 517
1777660074937 -1943.555802790052 518
1777660087477 -1943.555802790052 519
1777660099914 -1943.555802790052 520
1777660112619 -1943.555802790052 521
1777660125150 -1943.555802790052 522
1777660137615 -1943.555802790052 523
1777660150281 -1943.555802790052 524
1777660162695 -1943.555802790052 525
1777660175245 -1943.555802790052 526
1777660187762 -1943.555802790052 527
1777660200328 -1943.555802790052 528
1777660212964 -1943.555802790052 529
1777660225520 -1943.555802790052 530
1777660238060 -1943.555802790052 531
1777660250754 -1943.555802790052 532
1777660263554 -1943.555802790052 533
1777660276332 -1943.555802790052 534
1777660289184 -1943.555802790052 535
1777660301916 -1943.555802790052 536
1777660314657 -1943.555802790052 537
1777660327377 -1943.555802790052 538
1777660340259 -1943.555802790052 539
1777660353009 -1943.555802790052 540
1777660365829 -1943.555802790052 541
1777660378543 -1943.555802790052 542
1777660391363 -1943.555802790052 543
1777660404094 -1943.555802790052 544
1777660416684 -1943.555802790052 545
1777660429129 -1943.555802790052 546
1777660441718 -1943.555802790052 547
1777660454318 -1943.555802790052 548
1777660466656 -1943.555802790052 549
1777660479304 -1943.555802790052 550
1777660491877 -1943.555802790052 551
1777660504282 -1943.555802790052 552
1777660516726 -1943.555802790052 553
1777660529392 -1943.555802790052 554
1777660541930 -1943.555802790052 555
1777660554363 -1943.555802790052 556
1777660567093 -1943.555802790052 557
1777660579642 -1943.555802790052 558
1777660592236 -1943.555802790052 559
1777660604758 -1943.555802790052 560
1777660617159 -1943.555802790052 561
1777660629771 -1943.555802790052 562
1777660642273 -1943.555802790052 563
1777660654969 -1943.555802790052 564
1777660667416 -1943.555802790052 565
1777660679881 -1943.555802790052 566
1777660692258 -1943.555802790052 567
1777660704899 -1943.555802790052 568
1777660717447 -1943.555802790052 569
1777660729953 -1943.555802790052 570
1777660742607 -1943.555802790052 571
1777660755138 -1943.555802790052 572
1777660767555 -1943.555802790052 573
1777660780433 -1943.555802790052 574
1777660793024 -1943.555802790052 575
1777660805514 -1943.555802790052 576
1777660817968 -1943.555802790052 577
1777660830593 -1943.555802790052 578
1777660842995 -1943.555802790052 579
1777660855605 -1943.555802790052 580
1777660868328 -1943.555802790052 581
1777660880863 -1943.555802790052 582
1777660893598 -1943.555802790052 583
1777660906370 -1943.555802790052 584
1777660919178 -1943.555802790052 585
1777660932166 -1943.555802790052 586
1777660944864 -1943.555802790052 587
1777660957646 -1943.555802790052 588
1777660970481 -1943.555802790052 589
1777660983411 -1943.555802790052 590
1777660996090 -1943.555802790052 591
1777661008887 -1943.555802790052 592
1777661021830 -1943.555802790052 593
1777661034572 -1943.555802790052 594
1777661047146 -1943.555802790052 595
1777661059687 -1943.555802790052 596
1777661072482 -1943.555802790052 597
1777661085216 -1943.555802790052 598
1777661097567 -1943.555802790052 599
1777661110047 -1943.555802790052 600
1777661122664 -1943.555802790052 601
1777661135242 -1943.555802790052 602
1777661147795 -1943.555802790052 603
1777661160305 -1943.555802790052 604
1777661172868 -1943.555802790052 605
1777661185230 -1943.555802790052 606
1777661197897 -1943.555802790052 607
1777661210456 -1943.555802790052 608
1777661223026 -1943.555802790052 609
1777661235644 -1943.555802790052 610
1777661248308 -1943.555802790052 611
1777661260880 -1943.555802790052 612
1777661273396 -1943.555802790052 613
1777661286294 -1943.555802790052 614
1777661299629 -1943.555802790052 615
1777661315489 -1943.555802790052 616
1777661330092 -1943.555802790052 617
1777661344381 -1943.555802790052 618
1777661359725 -1943.555802790052 619
1777661374543 -1943.555802790052 620
1777661388989 -1943.555802790052 621
1777661403431 -1943.555802790052 622
1777661417262 -1943.555802790052 623
1777661431206 -1943.555802790052 624
1777661445241 -1943.555802790052 625
1777661459046 -1943.555802790052 626
1777661473049 -1943.555802790052 627
1777661486934 -1943.555802790052 628
1777661501312 -1943.555802790052 629
1777661515151 -1943.555802790052 630
1777661529147 -1943.555802790052 631
1777661543104 -1943.555802790052 632
1777661557206 -1943.555802790052 633
1777661571490 -1943.555802790052 634
1777661585785 -1943.555802790052 635
1777661600546 -1943.555802790052 636
1777661615234 -1943.555802790052 637
1777661629734 -1943.555802790052 638
1777661643617 -1943.555802790052 639
1777661657709 -1943.555802790052 640
1777661670882 -1943.555802790052 641
