1777653127216 0.0 0
1777653140789 0.0 1
1777653154055 0.0 2
1777653167400 0.0 3
1777653180620 0.0 4
1777653194098 0.0 5
1777653207872 0.0 6
1777653221242 0.0 7
1777653234322 0.0 8
1777653247499 1.0 9
1777653260425 0.0 10
1777653273267 0.0 11
1777653286378 0.0 12
1777653299323 0.0 13
1777653312381 0.0 14
1777653325538 0.0 15
1777653338560 0.0 16
1777653351640 0.0 17
1777653364655 0.0 18
1777653377831 1.0 19
1777653390689 0.0 20
1777653403703 0.0 21
1777653417114 0.0 22
1777653430352 0.0 23
1777653443663 2.0 24
1777653457170 3.0 25
1777653470652 3.0 26
1777653484023 1.0 27
1777653497310 1.0 28
1777653510456 1.0 29
1777653523404 1.0 30
1777653536969 3.0 31
1777653550164 2.0 32
1777653563169 0.0 33
1777653576461 0.0 34
1777653589546 0.0 35
1777653602706 0.0 36
1777653615764 0.0 37
1777653628949 0.0 38
1777653642039 0.0 39
1777653655659 2.0 40
1777653668814 0.0 41
1777653681814 0.0 42
1777653695012 0.0 43
1777653708118 0.0 44
1777653721246 0.0 45
1777653734438 0.0 46
1777653747449 0.0 47
1777653760572 0.0 48
1777653773718 0.0 49
1777653786866 1.0 50
1777653799961 0.0 51
1777653813230 0.0 52
1777653826378 0.0 53
1777653839508 0.0 54
1777653852750 0.0 55
1777653865862 0.0 56
1777653879089 0.0 57
1777653892383 0.0 58
1777653905571 0.0 59
1777653918438 1.0 60
1777653931721 0.0 61
1777653944962 0.0 62
1777653958418 0.0 63
1777653971628 0.0 64
1777653984990 0.0 65
1777653998171 0.0 66
1777654011475 0.0 67
1777654024944 0.0 68
1777654038365 0.0 69
1777654051725 1.0 70
1777654065020 0.0 71
1777654078062 0.0 72
1777654091157 0.0 73
1777654104210 0.0 74
1777654117360 0.0 75
1777654130542 0.0 76
1777654143658 0.0 77
1777654156768 0.0 78
1777654169879 0.0 79
1777654183333 1.0 80
1777654196799 0.0 81
1777654210223 0.0 82
1777654223621 0.0 83
1777654237054 0.0 84
1777654250466 0.0 85
1777654263766 0.0 86
1777654277308 0.0 87
1777654290620 0.0 88
1777654303999 0.0 89
1777654317210 1.0 90
1777654330289 0.0 91
1777654343441 0.0 92
1777654357822 0.0 93
1777654371223 0.0 94
1777654384384 0.0 95
1777654397505 0.0 96
1777654410827 0.0 97
1777654424158 0.0 98
1777654437363 0.0 99
1777654450712 1.0 100
1777654463824 0.0 101
1777654477040 0.0 102
1777654490138 0.0 103
1777654503346 0.0 104
1777654516544 0.0 105
1777654529771 0.0 106
1777654543000 0.0 107
1777654556330 0.0 108
1777654569486 0.0 109
1777654582863 1.0 110
1777654596065 0.0 111
1777654609286 0.0 112
1777654622671 0.0 113
1777654635788 0.0 114
1777654649092 0.0 115
1777654662513 0.0 116
1777654675635 0.0 117
1777654688876 0.0 118
1777654702072 0.0 119
1777654715500 1.0 120
1777654728685 0.0 121
1777654742030 0.0 122
1777654755113 0.0 123
1777654768205 0.0 124
1777654781550 0.0 125
1777654794758 0.0 126
1777654808074 0.0 127
1777654821416 0.0 128
1777654834819 0.0 129
1777654848514 1.0 130
1777654862088 0.0 131
1777654875857 0.0 132
1777654889427 0.0 133
1777654902913 0.0 134
1777654916537 0.0 135
1777654930134 0.0 136
1777654943846 1.0 137
1777654957049 0.0 138
1777654970438 1.0 139
1777654983369 0.0 140
1777654996496 0.0 141
1777655009592 0.0 142
1777655022920 0.0 143
1777655036024 0.0 144
1777655049322 0.0 145
1777655062581 0.0 146
1777655075752 0.0 147
1777655089140 0.0 148
1777655102433 1.0 149
1777655115397 1.0 150
1777655128796 0.0 151
1777655142254 1.0 152
1777655156025 1.0 153
1777655169346 1.0 154
1777655182542 0.0 155
1777655196068 1.0 156
1777655209493 1.0 157
1777655223188 1.0 158
1777655237029 1.0 159
1777655250418 1.0 160
1777655263856 1.0 161
1777655277301 1.0 162
1777655290978 1.0 163
1777655304825 1.0 164
1777655318243 0.0 165
1777655331529 0.0 166
1777655344792 0.0 167
1777655358229 0.0 168
1777655371562 0.0 169
1777655385010 1.0 170
1777655398330 1.0 171
1777655411885 1.0 172
1777655425353 1.0 173
1777655439261 1.0 174
1777655452750 1.0 175
1777655466299 1.0 176
1777655479639 0.0 177
1777655493020 1.0 178
1777655506891 1.0 179
1777655520542 1.0 180
1777655534168 1.0 181
1777655547408 1.0 182
1777655560834 1.0 183
1777655574396 1.0 184
1777655588202 1.0 185
1777655601645 1.0 186
1777655615033 0.0 187
1777655628420 1.0 188
1777655641927 1.0 189
1777655655551 1.0 190
1777655669245 1.0 191
1777655682810 1.0 192
1777655696267 1.0 193
1777655709686 1.0 194
1777655723070 0.0 195
1777655736827 1.0 196
1777655750395 1.0 197
1777655763860 1.0 198
1777655777458 1.0 199
1777655790784 1.0 200
1777655804336 1.0 201
1777655818210 1.0 202
1777655831500 0.0 203
1777655845053 1.0 204
1777655858449 0.0 205
1777655871742 0.0 206
1777655885120 0.0 207
1777655898554 0.0 208
1777655911854 0.0 209
1777655925278 0.0 210
1777655938730 0.0 211
1777655952030 0.0 212
1777655965526 0.0 213
1777655978887 1.0 214
1777655992314 0.0 215
1777656005697 0.0 216
1777656019015 0.0 217
1777656032265 0.0 218
1777656045720 0.0 219
1777656058641 0.0 220
1777656072110 0.0 221
1777656085393 0.0 222
1777656098812 0.0 223
1777656112260 1.0 224
1777656125565 0.0 225
1777656139008 0.0 226
1777656152256 0.0 227
1777656165843 0.0 228
1777656179111 0.0 229
1777656192449 0.0 230
1777656205896 0.0 231
1777656219180 0.0 232
1777656232655 0.0 233
1777656246457 1.0 234
1777656260077 0.0 235
1777656273718 0.0 236
1777656287376 0.0 237
1777656301109 0.0 238
1777656314964 0.0 239
1777656328725 0.0 240
1777656342367 0.0 241
1777656355999 0.0 242
1777656369805 0.0 243
1777656383561 1.0 244
1777656396925 0.0 245
1777656410303 0.0 246
1777656423725 0.0 247
1777656437055 0.0 248
1777656450390 0.0 249
1777656463774 0.0 250
1777656477248 0.0 251
1777656490434 0.0 252
1777656503656 0.0 253
1777656516882 1.0 254
1777656530236 0.0 255
1777656543445 0.0 256
1777656556774 0.0 257
1777656569869 0.0 258
1777656583024 0.0 259
1777656596235 0.0 260
1777656609405 0.0 261
1777656622767 0.0 262
1777656636042 0.0 263
1777656649368 1.0 264
1777656662733 0.0 265
1777656675865 0.0 266
1777656688969 0.0 267
1777656702173 0.0 268
1777656715440 0.0 269
1777656728916 0.0 270
1777656742121 0.0 271
1777656755382 0.0 272
1777656768717 0.0 273
1777656782156 1.0 274
1777656795344 0.0 275
1777656808661 0.0 276
1777656821930 0.0 277
1777656835115 0.0 278
1777656848576 0.0 279
1777656861841 0.0 280
1777656875191 0.0 281
1777656888470 0.0 282
1777656901810 0.0 283
1777656915433 1.0 284
1777656929115 0.0 285
1777656942690 0.0 286
1777656956246 0.0 287
1777656969891 0.0 288
1777656983274 0.0 289
1777656996837 0.0 290
1777657010594 0.0 291
1777657024058 0.0 292
1777657037894 0.0 293
1777657051366 1.0 294
1777657064618 0.0 295
1777657077832 0.0 296
1777657091141 0.0 297
1777657104364 0.0 298
1777657117494 0.0 299
1777657130823 0.0 300
1777657143990 0.0 301
1777657157133 0.0 302
1777657170369 0.0 303
1777657183706 1.0 304
1777657196801 0.0 305
1777657210084 0.0 306
1777657223288 0.0 307
1777657236613 0.0 308
1777657249964 0.0 309
1777657263338 0.0 310
1777657276580 0.0 311
1777657289857 0.0 312
1777657303082 0.0 313
1777657316325 1.0 314
1777657329642 0.0 315
1777657343077 0.0 316
1777657356292 0.0 317
1777657369585 0.0 318
1777657382709 0.0 319
1777657396076 0.0 320
1777657409190 0.0 321
1777657422709 0.0 322
1777657435990 0.0 323
1777657449248 1.0 324
1777657462482 0.0 325
1777657475784 0.0 326
1777657489282 0.0 327
1777657502382 0.0 328
1777657515543 0.0 329
1777657528938 0.0 330
1777657542220 0.0 331
1777657555397 0.0 332
1777657568835 0.0 333
1777657582511 1.0 334
1777657597449 0.0 335
1777657612435 0.0 336
1777657627444 0.0 337
1777657642358 0.0 338
1777657657408 0.0 339
1777657672699 0.0 340
1777657687743 0.0 341
1777657702574 0.0 342
1777657717300 0.0 343
1777657731979 1.0 344
1777657745749 0.0 345
1777657759516 0.0 346
1777657773237 0.0 347
1777657786730 0.0 348
1777657800748 0.0 349
1777657814616 0.0 350
1777657829172 0.0 351
1777657843820 0.0 352
1777657858447 0.0 353
1777657873572 1.0 354
1777657888414 0.0 355
1777657902829 0.0 356
1777657917552 0.0 357
1777657931944 0.0 358
1777657946388 0.0 359
1777657960822 0.0 360
1777657975375 0.0 361
1777657989258 0.0 362
1777658003566 0.0 363
1777658017862 1.0 364
1777658032107 0.0 365
1777658046401 0.0 366
1777658060888 0.0 367
1777658075639 0.0 368
1777658090032 0.0 369
1777658104401 0.0 370
1777658118765 0.0 371
1777658133213 0.0 372
1777658147196 0.0 373
1777658160994 1.0 374
1777658174222 0.0 375
1777658189251 0.0 376
1777658204113 0.0 377
1777658218722 0.0 378
1777658233215 0.0 379
1777658246595 0.0 380
1777658259953 0.0 381
1777658273193 0.0 382
1777658286353 0.0 383
1777658299974 1.0 384
1777658313495 0.0 385
1777658327237 0.0 386
1777658340698 0.0 387
1777658354125 0.0 388
1777658367658 0.0 389
1777658381339 0.0 390
1777658394870 0.0 391
1777658408685 0.0 392
1777658422147 0.0 393
1777658435683 1.0 394
1777658449109 0.0 395
1777658462283 0.0 396
1777658475644 0.0 397
1777658489083 0.0 398
1777658502338 0.0 399
1777658515555 0.0 400
1777658528974 0.0 401
1777658542245 0.0 402
1777658555457 0.0 403
1777658568882 1.0 404
1777658582026 0.0 405
1777658595343 0.0 406
1777658608502 0.0 407
1777658621644 0.0 408
1777658635008 0.0 409
1777658648235 0.0 410
1777658661428 0.0 411
1777658674667 0.0 412
1777658687883 0.0 413
1777658701303 1.0 414
1777658714446 0.0 415
1777658727784 0.0 416
1777658741044 0.0 417
1777658754303 0.0 418
1777658767562 0.0 419
1777658780816 0.0 420
1777658793996 0.0 421
1777658807438 0.0 422
1777658820635 0.0 423
1777658833875 1.0 424
1777658847140 0.0 425
1777658860315 0.0 426
1777658873791 0.0 427
1777658886919 0.0 428
1777658900130 0.0 429
1777658913290 0.0 430
1777658926588 0.0 431
1777658939827 0.0 432
1777658953039 0.0 433
1777658966542 1.0 434
1777658980185 0.0 435
1777658993627 0.0 436
1777659007158 0.0 437
1777659020589 0.0 438
1777659033962 0.0 439
1777659047725 0.0 440
1777659061186 0.0 441
1777659074669 0.0 442
1777659088235 0.0 443
1777659101834 1.0 444
1777659115102 0.0 445
1777659128187 0.0 446
1777659141347 0.0 447
1777659154489 0.0 448
1777659167809 0.0 449
1777659180950 0.0 450
1777659194179 0.0 451
1777659207513 0.0 452
1777659220712 0.0 453
1777659233925 1.0 454
1777659247197 0.0 455
1777659260365 0.0 456
1777659273615 0.0 457
1777659286773 0.0 458
1777659299933 0.0 459
1777659313289 0.0 460
1777659326506 0.0 461
1777659339818 0.0 462
1777659353130 0.0 463
1777659366293 1.0 464
1777659379384 0.0 465
1777659392563 0.0 466
1777659405910 0.0 467
1777659419078 0.0 468
1777659432386 0.0 469
1777659445666 0.0 470
1777659458953 0.0 471
1777659472207 0.0 472
1777659485553 0.0 473
1777659498859 1.0 474
1777659512133 0.0 475
1777659525375 0.0 476
1777659538618 0.0 477
1777659551784 0.0 478
1777659565210 0.0 479
1777659578564 0.0 480
1777659591785 0.0 481
1777659605240 0.0 482
1777659618430 0.0 483
1777659631987 1.0 484
1777659645762 0.0 485
1777659659433 0.0 486
1777659673000 0.0 487
1777659686525 0.0 488
1777659700218 0.0 489
1777659713758 0.0 490
1777659727195 0.0 491
1777659740809 0.0 492
1777659754646 0.0 493
1777659768264 1.0 494
1777659781416 0.0 495
1777659794588 0.0 496
1777659808003 0.0 497
1777659821288 0.0 498
1777659834530 0.0 499
1777659847500 0.0 500
1777659860161 0.0 501
1777659872893 0.0 502
1777659885538 0.0 503
1777659898517 1.0 504
1777659911099 0.0 505
1777659923779 0.0 506
1777659936611 0.0 507
1777659949096 0.0 508
1777659961636 0.0 509
1777659974496 0.0 510
1777659986960 0.0 511
1777659999542 0.0 512
1777660011978 0.0 513
1777660024596 1.0 514
1777660037324 0.0 515
1777660049832 0.0 516
1777660062329 0.0 517
1777660074937 0.0 518
1777660087477 0.0 519
1777660099914 0.0 520
1777660112619 0.0 521
1777660125150 0.0 522
1777660137615 0.0 523
1777660150281 1.0 524
1777660162695 0.0 525
1777660175245 0.0 526
1777660187762 0.0 527
1777660200328 0.0 528
1777660212964 0.0 529
1777660225520 0.0 530
1777660238060 0.0 531
1777660250754 0.0 532
1777660263554 0.0 533
1777660276332 1.0 534
1777660289184 0.0 535
1777660301916 0.0 536
1777660314657 0.0 537
1777660327377 0.0 538
1777660340259 0.0 539
1777660353009 0.0 540
1777660365829 0.0 541
1777660378543 0.0 542
1777660391363 0.0 543
1777660404094 1.0 544
1777660416684 0.0 545
1777660429129 0.0 546
1777660441718 0.0 547
1777660454318 0.0 548
1777660466656 0.0 549
1777660479304 0.0 550
1777660491877 0.0 551
1777660504282 0.0 552
1777660516726 0.0 553
1777660529392 1.0 554
1777660541930 0.0 555
1777660554363 0.0 556
1777660567093 0.0 557
1777660579642 0.0 558
1777660592236 0.0 559
1777660604758 0.0 560
1777660617159 0.0 561
1777660629771 0.0 562
1777660642273 0.0 563
1777660654969 1.0 564
1777660667416 0.0 565
1777660679881 0.0 566
1777660692258 0.0 567
1777660704899 0.0 568
1777660717447 0.0 569
1777660729953 0.0 570
1777660742607 0.0 571
1777660755138 0.0 572
1777660767555 0.0 573
1777660780433 1.0 574
1777660793024 0.0 575
1777660805514 0.0 576
1777660817968 0.0 577
1777660830593 0.0 578
1777660842995 0.0 579
1777660855605 0.0 580
1777660868328 0.0 581
1777660880863 0.0 582
1777660893598 0.0 583
1777660906370 1.0 584
1777660919178 0.0 585
1777660932166 0.0 586
1777660944864 0.0 587
1777660957646 0.0 588
1777660970481 0.0 589
1777660983411 0.0 590
1777660996090 0.0 591
1777661008887 0.0 592
1777661021830 0.0 593
1777661034572 1.0 594
1777661047146 0.0 595
1777661059687 0.0 596
1777661072482 0.0 597
1777661085216 0.0 598
1777661097567 0.0 599
1777661110047 0.0 600
1777661122664 0.0 601
1777661135242 0.0 602
1777661147795 0.0 603
1777661160305 1.0 604
1777661172868 0.0 605
1777661185230 0.0 606
1777661197897 0.0 607
1777661210456 0.0 608
1777661223026 0.0 609
1777661235644 0.0 610
1777661248308 0.0 611
1777661260880 0.0 612
1777661273396 0.0 613
1777661286294 1.0 614
1777661299629 0.0 615
1777661315489 0.0 616
1777661330092 0.0 617
1777661344381 0.0 618
1777661359725 0.0 619
1777661374543 0.0 620
1777661388989 0.0 621
1777661403431 0.0 622
1777661417262 0.0 623
1777661431206 1.0 624
1777661445241 0.0 625
1777661459046 0.0 626
1777661473049 0.0 627
1777661486934 0.0 628
1777661501312 0.0 629
1777661515151 0.0 630
1777661529147 0.0 631
1777661543104 0.0 632
1777661557206 0.0 633
1777661571490 1.0 634
1777661585785 0.0 635
1777661600546 0.0 636
1777661615234 0.0 637
1777661629734 0.0 638
1777661643617 2.0 639
1777661657709 1.0 640
1777661670882 0.0 641
