1777653127216 47100.0 0
1777653140789 47200.0 1
1777653154055 47300.0 2
1777653167400 47400.0 3
1777653180620 47500.0 4
1777653194098 47600.0 5
1777653207872 47700.0 6
1777653221242 47800.0 7
1777653234322 47900.0 8
1777653247499 48000.0 9
1777653260425 48100.0 10
1777653273267 48200.0 11
1777653286378 48300.0 12
1777653299323 48400.0 13
1777653312381 48500.0 14
1777653325538 48600.0 15
1777653338560 48700.0 16
1777653351640 48800.0 17
1777653364655 48900.0 18
1777653377831 49000.0 19
1777653390689 49100.0 20
1777653403703 49200.0 21
1777653417114 49300.0 22
1777653430352 49400.0 23
1777653443663 49500.0 24
1777653457170 49600.0 25
1777653470652 49700.0 26
1777653484023 49800.0 27
1777653497310 49900.0 28
1777653510456 50000.0 29
1777653523404 50100.0 30
1777653536969 50200.0 31
1777653550164 50300.0 32
1777653563169 50400.0 33
1777653576461 50500.0 34
1777653589546 50600.0 35
1777653602706 50700.0 36
1777653615764 50800.0 37
1777653628949 50900.0 38
1777653642039 51000.0 39
1777653655659 51100.0 40
1777653668814 51200.0 41
1777653681814 51300.0 42
1777653695012 51400.0 43
1777653708118 51500.0 44
1777653721246 51600.0 45
1777653734438 51700.0 46
1777653747449 51800.0 47
1777653760572 51900.0 48
1777653773718 52000.0 49
1777653786866 52100.0 50
1777653799961 52200.0 51
1777653813230 52300.0 52
1777653826378 52400.0 53
1777653839508 52500.0 54
1777653852750 52600.0 55
1777653865862 52700.0 56
1777653879089 52800.0 57
1777653892383 52900.0 58
1777653905571 53000.0 59
1777653918438 53100.0 60
1777653931721 53200.0 61
1777653944962 53300.0 62
1777653958418 53400.0 63
1777653971628 53500.0 64
1777653984990 53600.0 65
1777653998171 53700.0 66
1777654011475 53800.0 67
1777654024944 53900.0 68
1777654038365 54000.0 69
1777654051725 54100.0 70
1777654065020 54200.0 71
1777654078062 54300.0 72
1777654091157 54400.0 73
1777654104210 54500.0 74
1777654117360 54600.0 75
1777654130542 54700.0 76
1777654143658 54800.0 77
1777654156768 54900.0 78
1777654169879 55000.0 79
1777654183333 55100.0 80
1777654196799 55200.0 81
1777654210223 55300.0 82
1777654223621 55400.0 83
1777654237054 55500.0 84
1777654250466 55600.0 85
1777654263766 55700.0 86
1777654277308 55800.0 87
1777654290620 55900.0 88
1777654303999 56000.0 89
1777654317210 56100.0 90
1777654330289 56200.0 91
1777654343441 56300.0 92
1777654357822 56400.0 93
1777654371223 56500.0 94
1777654384384 56600.0 95
1777654397505 56700.0 96
1777654410827 56800.0 97
1777654424158 56900.0 98
1777654437363 57000.0 99
1777654450712 57100.0 100
1777654463824 57200.0 101
1777654477040 57300.0 102
1777654490138 57400.0 103
1777654503346 57500.0 104
1777654516544 57600.0 105
1777654529771 57700.0 106
1777654543000 57800.0 107
1777654556330 57900.0 108
1777654569486 58000.0 109
1777654582863 58100.0 110
1777654596065 58200.0 111
1777654609286 58300.0 112
1777654622671 58400.0 113
1777654635788 58500.0 114
1777654649092 58600.0 115
1777654662513 58700.0 116
1777654675635 58800.0 117
1777654688876 58900.0 118
1777654702072 59000.0 119
1777654715500 59100.0 120
1777654728685 59200.0 121
1777654742030 59300.0 122
1777654755113 59400.0 123
1777654768205 59500.0 124
1777654781550 59600.0 125
1777654794758 59700.0 126
1777654808074 59800.0 127
1777654821416 59900.0 128
1777654834819 60000.0 129
1777654848514 60100.0 130
1777654862088 60200.0 131
1777654875857 60300.0 132
1777654889427 60400.0 133
1777654902913 60500.0 134
1777654916537 60600.0 135
1777654930134 60700.0 136
1777654943846 60800.0 137
1777654957049 60900.0 138
1777654970438 61000.0 139
1777654983369 61100.0 140
1777654996496 61200.0 141
1777655009592 61300.0 142
1777655022920 61400.0 143
1777655036024 61500.0 144
1777655049322 61600.0 145
1777655062581 61700.0 146
1777655075752 61800.0 147
1777655089140 61900.0 148
1777655102433 62000.0 149
1777655115397 62100.0 150
1777655128796 62200.0 151
1777655142254 62300.0 152
1777655156025 62400.0 153
1777655169346 62500.0 154
1777655182542 62600.0 155
1777655196068 62700.0 156
1777655209493 62800.0 157
1777655223188 62900.0 158
1777655237029 63000.0 159
1777655250418 63100.0 160
1777655263856 63200.0 161
1777655277301 63300.0 162
1777655290978 63400.0 163
1777655304825 63500.0 164
1777655318243 63600.0 165
1777655331529 63700.0 166
1777655344792 63800.0 167
1777655358229 63900.0 168
1777655371562 64000.0 169
1777655385010 64100.0 170
1777655398330 64200.0 171
1777655411885 64300.0 172
1777655425353 64400.0 173
1777655439261 64500.0 174
1777655452750 64600.0 175
1777655466299 64700.0 176
1777655479639 64800.0 177
1777655493020 64900.0 178
1777655506891 65000.0 179
1777655520542 65100.0 180
1777655534168 65200.0 181
1777655547408 65300.0 182
1777655560834 65400.0 183
1777655574396 65500.0 184
1777655588202 65600.0 185
1777655601645 65700.0 186
1777655615033 65800.0 187
1777655628420 65900.0 188
1777655641927 66000.0 189
1777655655551 66100.0 190
1777655669245 66200.0 191
1777655682810 66300.0 192
1777655696267 66400.0 193
1777655709686 66500.0 194
1777655723070 66600.0 195
1777655736827 66700.0 196
1777655750395 66800.0 197
1777655763860 66900.0 198
1777655777458 67000.0 199
1777655790784 67100.0 200
1777655804336 67200.0 201
1777655818210 67300.0 202
1777655831500 67400.0 203
1777655845053 67500.0 204
1777655858449 67600.0 205
1777655871742 67700.0 206
1777655885120 67800.0 207
1777655898554 67900.0 208
1777655911854 68000.0 209
1777655925278 68100.0 210
1777655938730 68200.0 211
1777655952030 68300.0 212
1777655965526 68400.0 213
1777655978887 68500.0 214
1777655992314 68600.0 215
1777656005697 68700.0 216
1777656019015 68800.0 217
1777656032265 68900.0 218
1777656045720 69000.0 219
1777656058641 69100.0 220
1777656072110 69200.0 221
1777656085393 69300.0 222
1777656098812 69400.0 223
1777656112260 69500.0 224
1777656125565 69600.0 225
1777656139008 69700.0 226
1777656152256 69800.0 227
1777656165843 69900.0 228
1777656179111 70000.0 229
1777656192449 70100.0 230
1777656205896 70200.0 231
1777656219180 70300.0 232
1777656232655 70400.0 233
1777656246457 70500.0 234
1777656260077 70600.0 235
1777656273718 70700.0 236
1777656287376 70800.0 237
1777656301109 70900.0 238
1777656314964 71000.0 239
1777656328725 71100.0 240
1777656342367 71200.0 241
1777656355999 71300.0 242
1777656369805 71400.0 243
1777656383561 71500.0 244
1777656396925 71600.0 245
1777656410303 71700.0 246
1777656423725 71800.0 247
1777656437055 71900.0 248
1777656450390 72000.0 249
1777656463774 72100.0 250
1777656477248 72200.0 251
1777656490434 72300.0 252
1777656503656 72400.0 253
1777656516882 72500.0 254
1777656530236 72600.0 255
1777656543445 72700.0 256
1777656556774 72800.0 257
1777656569869 72900.0 258
1777656583024 73000.0 259
1777656596235 73100.0 260
1777656609405 73200.0 261
1777656622767 73300.0 262
1777656636042 73400.0 263
1777656649368 73500.0 264
1777656662733 73600.0 265
1777656675865 73700.0 266
1777656688969 73800.0 267
1777656702173 73900.0 268
1777656715440 74000.0 269
1777656728916 74100.0 270
1777656742121 74200.0 271
1777656755382 74300.0 272
1777656768717 74400.0 273
1777656782156 74500.0 274
1777656795344 74600.0 275
1777656808661 74700.0 276
1777656821930 74800.0 277
1777656835115 74900.0 278
1777656848576 75000.0 279
1777656861841 75100.0 280
1777656875191 75200.0 281
1777656888470 75300.0 282
1777656901810 75400.0 283
1777656915433 75500.0 284
1777656929115 75600.0 285
1777656942690 75700.0 286
1777656956246 75800.0 287
1777656969891 75900.0 288
1777656983274 76000.0 289
1777656996837 76100.0 290
1777657010594 76200.0 291
1777657024058 76300.0 292
1777657037894 76400.0 293
1777657051366 76500.0 294
1777657064618 76600.0 295
1777657077832 76700.0 296
1777657091141 76800.0 297
1777657104364 76900.0 298
1777657117494 77000.0 299
1777657130823 77100.0 300
1777657143990 77200.0 301
1777657157133 77300.0 302
1777657170369 77400.0 303
1777657183706 77500.0 304
1777657196801 77600.0 305
1777657210084 77700.0 306
1777657223288 77800.0 307
1777657236613 77900.0 308
1777657249964 78000.0 309
1777657263338 78100.0 310
1777657276580 78200.0 311
1777657289857 78300.0 312
1777657303082 78400.0 313
1777657316325 78500.0 314
1777657329642 78600.0 315
1777657343077 78700.0 316
1777657356292 78800.0 317
1777657369585 78900.0 318
1777657382709 79000.0 319
1777657396076 79100.0 320
1777657409190 79200.0 321
1777657422709 79300.0 322
1777657435990 79400.0 323
1777657449248 79500.0 324
1777657462482 79600.0 325
1777657475784 79700.0 326
1777657489282 79800.0 327
1777657502382 79900.0 328
1777657515543 80000.0 329
1777657528938 80100.0 330
1777657542220 80200.0 331
1777657555397 80300.0 332
1777657568835 80400.0 333
1777657582511 80500.0 334
1777657597449 80600.0 335
1777657612435 80700.0 336
1777657627444 80800.0 337
1777657642358 80900.0 338
1777657657408 81000.0 339
1777657672699 81100.0 340
1777657687743 81200.0 341
1777657702574 81300.0 342
1777657717300 81400.0 343
1777657731979 81500.0 344
1777657745749 81600.0 345
1777657759516 81700.0 346
1777657773237 81800.0 347
1777657786730 81900.0 348
1777657800748 82000.0 349
1777657814616 82100.0 350
1777657829172 82200.0 351
1777657843820 82300.0 352
1777657858447 82400.0 353
1777657873572 82500.0 354
1777657888414 82600.0 355
1777657902829 82700.0 356
1777657917552 82800.0 357
1777657931944 82900.0 358
1777657946388 83000.0 359
1777657960822 83100.0 360
1777657975375 83200.0 361
1777657989258 83300.0 362
1777658003566 83400.0 363
1777658017862 83500.0 364
1777658032107 83600.0 365
1777658046401 83700.0 366
1777658060888 83800.0 367
1777658075639 83900.0 368
1777658090032 84000.0 369
1777658104401 84100.0 370
1777658118765 84200.0 371
1777658133213 84300.0 372
1777658147196 84400.0 373
1777658160994 84500.0 374
1777658174222 84600.0 375
1777658189251 84700.0 376
1777658204113 84800.0 377
1777658218722 84900.0 378
1777658233215 85000.0 379
1777658246595 85100.0 380
1777658259953 85200.0 381
1777658273193 85300.0 382
1777658286353 85400.0 383
1777658299974 85500.0 384
1777658313495 85600.0 385
1777658327237 85700.0 386
1777658340698 85800.0 387
1777658354125 85900.0 388
1777658367658 86000.0 389
1777658381339 86100.0 390
1777658394870 86200.0 391
1777658408685 86300.0 392
1777658422147 86400.0 393
1777658435683 86500.0 394
1777658449109 86600.0 395
1777658462283 86700.0 396
1777658475644 86800.0 397
1777658489083 86900.0 398
1777658502338 87000.0 399
1777658515555 87100.0 400
1777658528974 87200.0 401
1777658542245 87300.0 402
1777658555457 87400.0 403
1777658568882 87500.0 404
1777658582026 87600.0 405
1777658595343 87700.0 406
1777658608502 87800.0 407
1777658621644 87900.0 408
1777658635008 88000.0 409
1777658648235 88100.0 410
1777658661428 88200.0 411
1777658674667 88300.0 412
1777658687883 88400.0 413
1777658701303 88500.0 414
1777658714446 88600.0 415
1777658727784 88700.0 416
1777658741044 88800.0 417
1777658754303 88900.0 418
1777658767562 89000.0 419
1777658780816 89100.0 420
1777658793996 89200.0 421
1777658807438 89300.0 422
1777658820635 89400.0 423
1777658833875 89500.0 424
1777658847140 89600.0 425
1777658860315 89700.0 426
1777658873791 89800.0 427
1777658886919 89900.0 428
1777658900130 90000.0 429
1777658913290 90100.0 430
1777658926588 90200.0 431
1777658939827 90300.0 432
1777658953039 90400.0 433
1777658966542 90500.0 434
1777658980185 90600.0 435
1777658993627 90700.0 436
1777659007158 90800.0 437
1777659020589 90900.0 438
1777659033962 91000.0 439
1777659047725 91100.0 440
1777659061186 91200.0 441
1777659074669 91300.0 442
1777659088235 91400.0 443
1777659101834 91500.0 444
1777659115102 91600.0 445
1777659128187 91700.0 446
1777659141347 91800.0 447
1777659154489 91900.0 448
1777659167809 92000.0 449
1777659180950 92100.0 450
1777659194179 92200.0 451
1777659207513 92300.0 452
1777659220712 92400.0 453
1777659233925 92500.0 454
1777659247197 92600.0 455
1777659260365 92700.0 456
1777659273615 92800.0 457
1777659286773 92900.0 458
1777659299933 93000.0 459
1777659313289 93100.0 460
1777659326506 93200.0 461
1777659339818 93300.0 462
1777659353130 93400.0 463
1777659366293 93500.0 464
1777659379384 93600.0 465
1777659392563 93700.0 466
1777659405910 93800.0 467
1777659419078 93900.0 468
1777659432386 94000.0 469
1777659445666 94100.0 470
1777659458953 94200.0 471
1777659472207 94300.0 472
1777659485553 94400.0 473
1777659498859 94500.0 474
1777659512133 94600.0 475
1777659525375 94700.0 476
1777659538618 94800.0 477
1777659551784 94900.0 478
1777659565210 95000.0 479
1777659578564 95100.0 480
1777659591785 95200.0 481
1777659605240 95300.0 482
1777659618430 95400.0 483
1777659631987 95500.0 484
1777659645762 95600.0 485
1777659659433 95700.0 486
1777659673000 95800.0 487
1777659686525 95900.0 488
1777659700218 96000.0 489
1777659713758 96100.0 490
1777659727195 96200.0 491
1777659740809 96300.0 492
1777659754646 96400.0 493
1777659768264 96500.0 494
1777659781416 96600.0 495
1777659794588 96700.0 496
1777659808003 96800.0 497
1777659821288 96900.0 498
1777659834530 97000.0 499
1777659847500 97100.0 500
1777659860161 97200.0 501
1777659872893 97300.0 502
1777659885538 97400.0 503
1777659898517 97500.0 504
1777659911099 97600.0 505
1777659923779 97700.0 506
1777659936611 97800.0 507
1777659949096 97900.0 508
1777659961636 98000.0 509
1777659974496 98100.0 510
1777659986960 98200.0 511
1777659999542 98300.0 512
1777660011978 98400.0 513
1777660024596 98500.0 514
1777660037324 98600.0 515
1777660049832 98700.0 516
1777660062329 98800.0 517
1777660074937 98900.0 518
1777660087477 99000.0 519
1777660099914 99100.0 520
1777660112619 99200.0 521
1777660125150 99300.0 522
1777660137615 99400.0 523
1777660150281 99500.0 524
1777660162695 99600.0 525
1777660175245 99700.0 526
1777660187762 99800.0 527
1777660200328 99900.0 528
1777660212964 100000.0 529
1777660225520 100100.0 530
1777660238060 100200.0 531
1777660250754 100300.0 532
1777660263554 100400.0 533
1777660276332 100500.0 534
1777660289184 100600.0 535
1777660301916 100700.0 536
1777660314657 100800.0 537
1777660327377 100900.0 538
1777660340259 101000.0 539
1777660353009 101100.0 540
1777660365829 101200.0 541
1777660378543 101300.0 542
1777660391363 101400.0 543
1777660404094 101500.0 544
1777660416684 101600.0 545
1777660429129 101700.0 546
1777660441718 101800.0 547
1777660454318 101900.0 548
1777660466656 102000.0 549
1777660479304 102100.0 550
1777660491877 102200.0 551
1777660504282 102300.0 552
1777660516726 102400.0 553
1777660529392 102500.0 554
1777660541930 102600.0 555
1777660554363 102700.0 556
1777660567093 102800.0 557
1777660579642 102900.0 558
1777660592236 103000.0 559
1777660604758 103100.0 560
1777660617159 103200.0 561
1777660629771 103300.0 562
1777660642273 103400.0 563
1777660654969 103500.0 564
1777660667416 103600.0 565
1777660679881 103700.0 566
1777660692258 103800.0 567
1777660704899 103900.0 568
1777660717447 104000.0 569
1777660729953 104100.0 570
1777660742607 104200.0 571
1777660755138 104300.0 572
1777660767555 104400.0 573
1777660780433 104500.0 574
1777660793024 104600.0 575
1777660805514 104700.0 576
1777660817968 104800.0 577
1777660830593 104900.0 578
1777660842995 105000.0 579
1777660855605 105100.0 580
1777660868328 105200.0 581
1777660880863 105300.0 582
1777660893598 105400.0 583
1777660906370 105500.0 584
1777660919178 105600.0 585
1777660932166 105700.0 586
1777660944864 105800.0 587
1777660957646 105900.0 588
1777660970481 106000.0 589
1777660983411 106100.0 590
1777660996090 106200.0 591
1777661008887 106300.0 592
1777661021830 106400.0 593
1777661034572 106500.0 594
1777661047146 106600.0 595
1777661059687 106700.0 596
1777661072482 106800.0 597
1777661085216 106900.0 598
1777661097567 107000.0 599
1777661110047 107100.0 600
1777661122664 107200.0 601
1777661135242 107300.0 602
1777661147795 107400.0 603
1777661160305 107500.0 604
1777661172868 107600.0 605
1777661185230 107700.0 606
1777661197897 107800.0 607
1777661210456 107900.0 608
1777661223026 108000.0 609
1777661235644 108100.0 610
1777661248308 108200.0 611
1777661260880 108300.0 612
1777661273396 108400.0 613
1777661286294 108500.0 614
1777661299629 108600.0 615
1777661315489 108700.0 616
1777661330092 108800.0 617
1777661344381 108900.0 618
1777661359725 109000.0 619
1777661374543 109100.0 620
1777661388989 109200.0 621
1777661403431 109300.0 622
1777661417262 109400.0 623
1777661431206 109500.0 624
1777661445241 109600.0 625
1777661459046 109700.0 626
1777661473049 109800.0 627
1777661486934 109900.0 628
1777661501312 110000.0 629
1777661515151 110100.0 630
1777661529147 110200.0 631
1777661543104 110300.0 632
1777661557206 110400.0 633
1777661571490 110500.0 634
1777661585785 110600.0 635
1777661600546 110700.0 636
1777661615234 110800.0 637
1777661629734 110900.0 638
1777661643617 111000.0 639
1777661657709 111100.0 640
1777661670882 111200.0 641
