1777652222102 nan 0
1777652238088 nan 1
1777652253875 nan 2
1777652270070 nan 3
1777652286317 nan 4
1777652302518 nan 5
1777652318563 nan 6
1777652334806 nan 7
1777652350931 nan 8
1777652367560 1000.0 9
1777652383661 1000.0 10
1777652400560 1000.0 11
1777652416950 1000.0 12
1777652432514 1000.0 13
1777652447825 1000.0 14
1777652463267 1000.0 15
1777652478621 1000.0 16
1777652494120 1000.0 17
1777652509516 1000.0 18
1777652525200 1000.0 19
1777652540662 1000.0 20
1777652556165 1000.0 21
1777652572957 1000.0 22
1777652589898 1000.0 23
1777652606341 1000.0 24
1777652622504 842.3333333333334 25
1777652639687 650.25 26
1777652656499 650.25 27
1777652673456 650.25 28
