1777652222102 nan 0
1777652238088 nan 1
1777652253875 nan 2
1777652270070 nan 3
1777652286317 nan 4
1777652302518 nan 5
1777652318563 nan 6
1777652334806 nan 7
1777652350931 nan 8
1777652367560 -1619.6932989780457 9
1777652383661 -1619.6932989780457 10
1777652400560 -1619.6932989780457 11
1777652416950 -1619.6932989780457 12
1777652432514 -1619.6932989780457 13
1777652447825 -1619.6932989780457 14
1777652463267 -1619.6932989780457 15
1777652478621 -1619.6932989780457 16
1777652494120 -1619.6932989780457 17
1777652509516 -1619.6932989780457 18
1777652525200 -1638.9586360457843 19
1777652540662 -1638.9586360457843 20
1777652556165 -1638.9586360457843 21
1777652572957 -1638.9586360457843 22
1777652589898 -1638.9586360457843 23
1777652606341 -1638.9586360457843 24
1777652622504 -1340.6754446523084 25
1777652639687 -1052.896215054815 26
1777652656499 -1052.896215054815 27
1777652673456 -1052.896215054815 28
