1777652222102 0.0 0
1777652238088 0.0 1
1777652253875 0.0 2
1777652270070 0.0 3
1777652286317 0.0 4
1777652302518 0.0 5
1777652318563 0.0 6
1777652334806 0.0 7
1777652350931 0.0 8
1777652367560 1.0 9
1777652383661 0.0 10
1777652400560 0.0 11
1777652416950 0.0 12
1777652432514 0.0 13
1777652447825 0.0 14
1777652463267 0.0 15
1777652478621 0.0 16
1777652494120 0.0 17
1777652509516 0.0 18
1777652525200 1.0 19
1777652540662 0.0 20
1777652556165 0.0 21
1777652572957 0.0 22
1777652589898 0.0 23
1777652606341 0.0 24
1777652622504 1.0 25
1777652639687 1.0 26
1777652656499 0.0 27
1777652673456 0.0 28
