1777652222102 44100.0 0
1777652238088 44200.0 1
1777652253875 44300.0 2
1777652270070 44400.0 3
1777652286317 44500.0 4
1777652302518 44600.0 5
1777652318563 44700.0 6
1777652334806 44800.0 7
1777652350931 44900.0 8
1777652367560 45000.0 9
1777652383661 45100.0 10
1777652400560 45200.0 11
1777652416950 45300.0 12
1777652432514 45400.0 13
1777652447825 45500.0 14
1777652463267 45600.0 15
1777652478621 45700.0 16
1777652494120 45800.0 17
1777652509516 45900.0 18
1777652525200 46000.0 19
1777652540662 46100.0 20
1777652556165 46200.0 21
1777652572957 46300.0 22
1777652589898 46400.0 23
1777652606341 46500.0 24
1777652622504 46600.0 25
1777652639687 46700.0 26
1777652656499 46800.0 27
1777652673456 46900.0 28
