1777662259600 nan 0
1777662271789 nan 1
1777662284607 nan 2
1777662297711 nan 3
1777662310633 nan 4
1777662323313 nan 5
1777662335904 nan 6
1777662348528 nan 7
1777662361326 nan 8
1777662374194 -1625.1582821993502 9
1777662387076 -1625.1582821993502 10
1777662400740 -1625.1582821993502 11
1777662414463 -1625.1582821993502 12
1777662428377 -1625.1582821993502 13
1777662442302 -1625.1582821993502 14
1777662456061 -1625.1582821993502 15
1777662469817 -1625.1582821993502 16
1777662483190 -1625.1582821993502 17
1777662496081 -1625.1582821993502 18
1777662508980 -1619.8602447565695 19
1777662521860 -1619.8602447565695 20
1777662534718 -1619.8602447565695 21
1777662547847 -1619.8602447565695 22
1777662560800 -1619.8602447565695 23
1777662573629 -619.9365487764076 24
1777662586560 -188.8948522003874 25
1777662599396 12.920364030754957 26
1777662612435 17.514729371789798 27
1777662625578 17.514729371789798 28
1777662638509 17.514729371789798 29
1777662651825 17.514729371789798 30
1777662665228 17.514729371789798 31
1777662678754 17.514729371789798 32
1777662692377 17.514729371789798 33
1777662706063 17.514729371789798 34
1777662719805 17.514729371789798 35
1777662733700 62.39830542196959 36
1777662747562 62.39830542196959 37
1777662761364 62.39830542196959 38
1777662775369 62.39830542196959 39
1777662789273 62.39830542196959 40
1777662803234 62.39830542196959 41
1777662817328 70.08235692543182 42
1777662831330 70.08235692543182 43
1777662845070 70.08235692543182 44
1777662859052 70.08235692543182 45
1777662872994 96.26214475777874 46
1777662886725 96.26214475777874 47
1777662900643 96.26214475777874 48
1777662914678 96.26214475777874 49
1777662928586 96.26214475777874 50
1777662942863 96.26214475777874 51
1777662956706 96.26214475777874 52
1777662970894 96.26214475777874 53
1777662985103 102.80125288723548 54
1777662999306 102.80125288723548 55
1777663013582 102.80125288723548 56
1777663027710 102.80125288723548 57
1777663041687 102.80125288723548 58
1777663055629 102.80125288723548 59
1777663069333 102.80125288723548 60
1777663083761 102.80125288723548 61
1777663097810 102.80125288723548 62
1777663111799 102.80125288723548 63
1777663126193 102.80125288723548 64
1777663140188 102.80125288723548 65
1777663154415 102.80125288723548 66
1777663168547 102.80125288723548 67
1777663182848 102.80125288723548 68
1777663196915 102.80125288723548 69
1777663211250 102.80125288723548 70
1777663225454 102.80125288723548 71
1777663239562 102.80125288723548 72
1777663253807 102.80125288723548 73
1777663268072 102.80125288723548 74
1777663282128 102.80125288723548 75
1777663296447 102.80125288723548 76
1777663310599 102.80125288723548 77
1777663324849 102.80125288723548 78
1777663339433 102.80125288723548 79
1777663353487 102.80125288723548 80
1777663368030 102.80125288723548 81
1777663382179 102.80125288723548 82
1777663396745 102.80125288723548 83
1777663411113 102.80125288723548 84
1777663425543 105.91136589001366 85
1777663440000 105.91136589001366 86
1777663454218 105.91136589001366 87
1777663469048 105.91136589001366 88
1777663483580 105.91136589001366 89
1777663498154 105.91136589001366 90
1777663513011 105.91136589001366 91
1777663527947 105.91136589001366 92
1777663542851 105.91136589001366 93
1777663557831 105.91136589001366 94
1777663572543 105.91136589001366 95
1777663587706 105.91136589001366 96
1777663602552 105.91136589001366 97
1777663617503 105.91136589001366 98
1777663632225 105.91136589001366 99
1777663646920 105.91136589001366 100
1777663661473 105.91136589001366 101
1777663676422 105.91136589001366 102
1777663690989 105.91136589001366 103
1777663706017 105.91136589001366 104
1777663720704 105.91136589001366 105
1777663735860 105.91136589001366 106
1777663750780 105.91136589001366 107
1777663765788 105.91136589001366 108
1777663780721 105.91136589001366 109
1777663795478 105.91136589001366 110
1777663810611 105.91136589001366 111
1777663825359 105.91136589001366 112
1777663840423 105.91136589001366 113
1777663855350 105.91136589001366 114
1777663870286 105.91136589001366 115
1777663885064 105.91136589001366 116
1777663900053 105.91136589001366 117
1777663914907 105.91136589001366 118
1777663929809 105.91136589001366 119
1777663944674 105.91136589001366 120
1777663959502 105.91136589001366 121
1777663974922 105.91136589001366 122
1777663989772 105.91136589001366 123
1777664005051 105.91136589001366 124
1777664020160 105.91136589001366 125
1777664035238 105.91136589001366 126
1777664050459 105.91136589001366 127
1777664065543 105.91136589001366 128
1777664080721 105.91136589001366 129
1777664095769 105.91136589001366 130
1777664110767 105.91136589001366 131
1777664125810 105.91136589001366 132
1777664140693 105.91136589001366 133
1777664155486 105.91136589001366 134
1777664170282 105.91136589001366 135
1777664185371 105.91136589001366 136
1777664200226 105.91136589001366 137
1777664215364 105.91136589001366 138
1777664230325 105.91136589001366 139
1777664245093 105.91136589001366 140
1777664260328 105.91136589001366 141
1777664275525 105.91136589001366 142
1777664290505 105.91136589001366 143
1777664305393 105.91136589001366 144
1777664320533 105.91136589001366 145
1777664335212 105.91136589001366 146
1777664350346 105.91136589001366 147
1777664365358 105.91136589001366 148
1777664380246 105.91136589001366 149
1777664395207 105.91136589001366 150
1777664410345 105.91136589001366 151
1777664425226 105.91136589001366 152
1777664440325 105.91136589001366 153
1777664455559 96.9461896199495 154
1777664470369 96.9461896199495 155
1777664485525 96.9461896199495 156
1777664500635 96.9461896199495 157
1777664515749 96.9461896199495 158
1777664530995 96.9461896199495 159
1777664545814 96.9461896199495 160
1777664560875 95.61930897784298 161
1777664575698 95.61930897784298 162
1777664590564 95.61930897784298 163
1777664605416 95.61930897784298 164
1777664620645 95.61930897784298 165
1777664635655 95.61930897784298 166
1777664650485 95.61930897784298 167
1777664665402 95.61930897784298 168
1777664680194 95.61930897784298 169
1777664695338 95.61930897784298 170
1777664710310 95.61930897784298 171
1777664725472 95.61930897784298 172
1777664740376 95.61930897784298 173
1777664755376 95.61930897784298 174
1777664770658 95.61930897784298 175
1777664786117 95.61930897784298 176
1777664800939 95.61930897784298 177
1777664816145 113.31115696742867 178
1777664831131 113.31115696742867 179
1777664846340 113.31115696742867 180
1777664861513 113.31115696742867 181
1777664876691 113.31115696742867 182
1777664891676 113.31115696742867 183
1777664906651 113.31115696742867 184
1777664921734 113.31115696742867 185
1777664936957 113.31115696742867 186
1777664952228 113.31115696742867 187
1777664967507 113.31115696742867 188
1777664982773 113.31115696742867 189
1777664997795 113.31115696742867 190
1777665012841 113.31115696742867 191
1777665027889 113.31115696742867 192
1777665043089 113.31115696742867 193
1777665057994 113.31115696742867 194
1777665072880 113.31115696742867 195
1777665087730 113.31115696742867 196
1777665102332 113.31115696742867 197
1777665117297 113.31115696742867 198
1777665132127 113.31115696742867 199
1777665147398 113.31115696742867 200
1777665162148 113.31115696742867 201
1777665177304 113.31115696742867 202
1777665192626 113.31115696742867 203
1777665207552 113.31115696742867 204
1777665222598 113.31115696742867 205
1777665237857 113.31115696742867 206
1777665252866 113.31115696742867 207
1777665267971 113.31115696742867 208
1777665282849 113.31115696742867 209
1777665297911 113.31115696742867 210
1777665312595 113.31115696742867 211
1777665327870 113.31115696742867 212
1777665342857 113.31115696742867 213
1777665357877 113.31115696742867 214
1777665373041 113.31115696742867 215
1777665388127 113.31115696742867 216
1777665402999 113.31115696742867 217
1777665418390 113.31115696742867 218
1777665433380 113.31115696742867 219
1777665448557 113.31115696742867 220
1777665463851 113.31115696742867 221
1777665479122 113.31115696742867 222
1777665494347 113.31115696742867 223
1777665509182 113.31115696742867 224
1777665524345 113.31115696742867 225
1777665539612 113.31115696742867 226
1777665554423 113.31115696742867 227
1777665569656 113.31115696742867 228
1777665584821 113.31115696742867 229
1777665600150 113.31115696742867 230
1777665615431 113.31115696742867 231
1777665630690 113.31115696742867 232
1777665646026 113.31115696742867 233
1777665661086 113.31115696742867 234
1777665676419 113.31115696742867 235
1777665691507 113.31115696742867 236
1777665707002 113.31115696742867 237
1777665722072 113.31115696742867 238
1777665737460 113.31115696742867 239
1777665752448 113.31115696742867 240
1777665767449 113.31115696742867 241
1777665782692 113.31115696742867 242
1777665797435 113.31115696742867 243
1777665812848 113.31115696742867 244
1777665827872 113.31115696742867 245
1777665842908 94.39564889466585 246
1777665858047 94.39564889466585 247
1777665873290 94.39564889466585 248
1777665888394 94.39564889466585 249
1777665903802 94.39564889466585 250
1777665918888 94.39564889466585 251
1777665934304 94.39564889466585 252
1777665949045 94.39564889466585 253
1777665964370 94.39564889466585 254
1777665979114 94.39564889466585 255
1777665994186 94.39564889466585 256
1777666009314 94.39564889466585 257
1777666024397 94.39564889466585 258
1777666039182 94.39564889466585 259
1777666054364 86.08365731202578 260
1777666069309 86.08365731202578 261
1777666084184 86.08365731202578 262
1777666099238 86.85968809285745 263
1777666114424 86.85968809285745 264
1777666129455 86.85968809285745 265
1777666144800 86.85968809285745 266
1777666160027 86.85968809285745 267
1777666175055 86.85968809285745 268
1777666190007 86.85968809285745 269
1777666204601 86.85968809285745 270
1777666219511 86.85968809285745 271
1777666234740 86.85968809285745 272
1777666249697 86.85968809285745 273
1777666264976 86.85968809285745 274
1777666280061 86.85968809285745 275
1777666295303 86.85968809285745 276
1777666310041 86.85968809285745 277
1777666325135 92.41568823075315 278
1777666340152 92.41568823075315 279
1777666355218 92.41568823075315 280
1777666370423 92.41568823075315 281
1777666385751 92.41568823075315 282
1777666400622 92.41568823075315 283
1777666415835 92.41568823075315 284
1777666430721 92.41568823075315 285
1777666445853 92.41568823075315 286
1777666461127 92.41568823075315 287
1777666475982 92.41568823075315 288
1777666490845 92.41568823075315 289
1777666506311 92.41568823075315 290
1777666520970 92.41568823075315 291
1777666535899 92.41568823075315 292
1777666551077 92.41568823075315 293
1777666565944 92.41568823075315 294
1777666580775 92.41568823075315 295
1777666595867 92.41568823075315 296
1777666610859 92.41568823075315 297
1777666625921 92.41568823075315 298
1777666640894 92.41568823075315 299
1777666655705 92.41568823075315 300
1777666670588 92.41568823075315 301
1777666685767 92.41568823075315 302
1777666700619 92.41568823075315 303
1777666715462 92.41568823075315 304
1777666730338 92.41568823075315 305
1777666745154 92.41568823075315 306
1777666760080 92.41568823075315 307
1777666774944 92.41568823075315 308
1777666789793 92.41568823075315 309
1777666804695 92.41568823075315 310
1777666819428 92.41568823075315 311
1777666834225 92.41568823075315 312
1777666849226 92.41568823075315 313
1777666864191 92.41568823075315 314
1777666879068 92.41568823075315 315
1777666893922 92.41568823075315 316
1777666908955 103.59811661560622 317
1777666923834 103.59811661560622 318
1777666938857 103.59811661560622 319
1777666953787 103.59811661560622 320
1777666968543 103.59811661560622 321
1777666983670 103.59811661560622 322
1777666998681 103.59811661560622 323
1777667013700 103.59811661560622 324
1777667028964 103.59811661560622 325
1777667043829 103.59811661560622 326
1777667059046 103.59811661560622 327
1777667073815 103.59811661560622 328
1777667088791 103.59811661560622 329
1777667103887 103.59811661560622 330
1777667118669 103.59811661560622 331
1777667133513 103.59811661560622 332
1777667148545 103.59811661560622 333
1777667163759 103.59811661560622 334
1777667178787 103.59811661560622 335
1777667193672 103.59811661560622 336
1777667208749 103.59811661560622 337
1777667223395 103.59811661560622 338
1777667238767 103.59811661560622 339
1777667253598 103.59811661560622 340
1777667268549 103.59811661560622 341
1777667283720 103.59811661560622 342
1777667298635 103.59811661560622 343
1777667313778 103.59811661560622 344
1777667328697 103.59811661560622 345
1777667343973 103.59811661560622 346
1777667359340 103.59811661560622 347
1777667374017 103.59811661560622 348
1777667389156 103.59811661560622 349
1777667404396 103.59811661560622 350
1777667419418 103.59811661560622 351
1777667434502 103.59811661560622 352
1777667449596 103.59811661560622 353
1777667464593 103.59811661560622 354
1777667479722 103.59811661560622 355
1777667494716 103.59811661560622 356
1777667509501 103.59811661560622 357
1777667524555 103.59811661560622 358
1777667539712 103.59811661560622 359
1777667554696 103.59811661560622 360
1777667569672 103.59811661560622 361
1777667584522 103.59811661560622 362
1777667599467 103.59811661560622 363
1777667614172 103.59811661560622 364
1777667629263 103.59811661560622 365
1777667644078 103.59811661560622 366
1777667658960 103.59811661560622 367
1777667673799 103.59811661560622 368
1777667688663 103.59811661560622 369
1777667703969 103.59811661560622 370
1777667718744 103.59811661560622 371
1777667733864 103.59811661560622 372
1777667748630 103.59811661560622 373
1777667763543 103.59811661560622 374
1777667778321 103.59811661560622 375
1777667792917 103.59811661560622 376
1777667808147 103.59811661560622 377
1777667823117 103.59811661560622 378
1777667838328 103.59811661560622 379
1777667853377 103.59811661560622 380
1777667868410 103.59811661560622 381
1777667883811 95.97607118741706 382
1777667898488 95.97607118741706 383
1777667913441 95.97607118741706 384
1777667928386 95.97607118741706 385
1777667943264 95.97607118741706 386
1777667958578 95.97607118741706 387
1777667973826 95.97607118741706 388
1777667988677 95.97607118741706 389
1777668003691 95.97607118741706 390
1777668018604 95.97607118741706 391
1777668033711 95.97607118741706 392
1777668048936 95.97607118741706 393
1777668064102 95.97607118741706 394
1777668078976 95.97607118741706 395
1777668093931 95.97607118741706 396
1777668108950 95.97607118741706 397
1777668124130 95.97607118741706 398
1777668139122 95.97607118741706 399
1777668154057 95.97607118741706 400
1777668169150 95.97607118741706 401
1777668183891 95.97607118741706 402
1777668198642 95.97607118741706 403
1777668213796 95.97607118741706 404
1777668228736 95.97607118741706 405
1777668243620 95.97607118741706 406
1777668258760 95.97607118741706 407
1777668273282 95.97607118741706 408
1777668288491 104.09479984536641 409
1777668303338 104.09479984536641 410
1777668318649 104.09479984536641 411
1777668333560 104.09479984536641 412
1777668348601 104.09479984536641 413
1777668363360 104.09479984536641 414
1777668378388 104.09479984536641 415
1777668393245 104.09479984536641 416
1777668408293 104.09479984536641 417
1777668423402 104.09479984536641 418
1777668438274 104.09479984536641 419
1777668453409 104.09479984536641 420
1777668468489 104.09479984536641 421
1777668483648 104.09479984536641 422
1777668498862 104.09479984536641 423
1777668513955 104.09479984536641 424
1777668528759 104.09479984536641 425
1777668543701 104.09479984536641 426
1777668558905 104.09479984536641 427
1777668573420 104.09479984536641 428
1777668588545 104.09479984536641 429
1777668603809 104.09479984536641 430
1777668619037 104.09479984536641 431
1777668633839 104.09479984536641 432
1777668648799 104.09479984536641 433
1777668663570 104.09479984536641 434
1777668678289 104.09479984536641 435
1777668692997 104.09479984536641 436
1777668708037 104.09479984536641 437
1777668722803 104.09479984536641 438
1777668737892 104.09479984536641 439
1777668752944 104.09479984536641 440
1777668767968 104.09479984536641 441
1777668782829 104.09479984536641 442
1777668797927 104.09479984536641 443
1777668812928 104.09479984536641 444
1777668827879 104.09479984536641 445
1777668842772 104.09479984536641 446
1777668857973 104.09479984536641 447
1777668873208 104.09479984536641 448
1777668888304 104.09479984536641 449
1777668903136 104.09479984536641 450
1777668918282 104.09479984536641 451
1777668933505 104.09479984536641 452
1777668948329 104.09479984536641 453
1777668963086 104.09479984536641 454
1777668978089 104.09479984536641 455
1777668993041 104.09479984536641 456
1777669007945 104.09479984536641 457
1777669022621 104.09479984536641 458
1777669037477 104.09479984536641 459
1777669052561 104.09479984536641 460
1777669067608 104.09479984536641 461
1777669082265 104.09479984536641 462
1777669097067 104.09479984536641 463
1777669112084 104.09479984536641 464
1777669126973 104.09479984536641 465
1777669141908 104.09479984536641 466
1777669157100 104.09479984536641 467
1777669171728 104.09479984536641 468
1777669186666 104.09479984536641 469
1777669201613 104.09479984536641 470
1777669216409 104.09479984536641 471
1777669231948 104.09479984536641 472
1777669246709 104.09479984536641 473
1777669261748 104.09479984536641 474
1777669277084 75.95163158145228 475
1777669292054 75.95163158145228 476
1777669306927 75.95163158145228 477
1777669322115 84.15555133610751 478
1777669337184 103.25015473572094 479
1777669352175 103.25015473572094 480
1777669367279 103.25015473572094 481
1777669382164 103.25015473572094 482
1777669397313 103.25015473572094 483
1777669412235 103.25015473572094 484
1777669427195 103.25015473572094 485
1777669442108 103.25015473572094 486
1777669456852 103.25015473572094 487
1777669471974 103.25015473572094 488
1777669486781 103.25015473572094 489
1777669501892 103.25015473572094 490
1777669516896 103.25015473572094 491
1777669531822 103.25015473572094 492
1777669546830 103.25015473572094 493
1777669561787 103.25015473572094 494
1777669576699 103.25015473572094 495
1777669591699 103.25015473572094 496
1777669606426 103.25015473572094 497
1777669621832 103.25015473572094 498
1777669636646 103.25015473572094 499
1777669651746 103.25015473572094 500
1777669666566 103.25015473572094 501
1777669681501 103.25015473572094 502
1777669696380 103.25015473572094 503
1777669711376 103.25015473572094 504
1777669726268 103.25015473572094 505
1777669741397 103.25015473572094 506
1777669756374 103.25015473572094 507
1777669771324 103.25015473572094 508
1777669786000 103.25015473572094 509
1777669801017 103.25015473572094 510
1777669815658 103.25015473572094 511
1777669830441 103.25015473572094 512
1777669845024 103.25015473572094 513
1777669860251 103.25015473572094 514
1777669875044 103.25015473572094 515
1777669889706 103.25015473572094 516
1777669904560 103.25015473572094 517
1777669919509 103.25015473572094 518
1777669934411 103.25015473572094 519
1777669949165 103.25015473572094 520
1777669963902 103.25015473572094 521
1777669978785 103.25015473572094 522
1777669993709 103.25015473572094 523
1777670008732 103.25015473572094 524
1777670023343 103.25015473572094 525
1777670038258 103.25015473572094 526
1777670052987 103.25015473572094 527
1777670067977 103.25015473572094 528
1777670083023 103.25015473572094 529
1777670097982 103.25015473572094 530
1777670112906 103.25015473572094 531
1777670127639 103.25015473572094 532
1777670142451 103.25015473572094 533
1777670157062 103.25015473572094 534
1777670171843 103.25015473572094 535
1777670186916 103.25015473572094 536
1777670201544 103.25015473572094 537
1777670216012 103.25015473572094 538
1777670230645 103.25015473572094 539
1777670245498 103.25015473572094 540
1777670260388 103.25015473572094 541
1777670275174 103.25015473572094 542
1777670289870 103.25015473572094 543
1777670304524 103.25015473572094 544
1777670319220 103.25015473572094 545
1777670334285 103.25015473572094 546
1777670349198 103.25015473572094 547
1777670363845 103.25015473572094 548
1777670378470 103.25015473572094 549
1777670393714 103.25015473572094 550
1777670408583 103.25015473572094 551
1777670423390 103.25015473572094 552
1777670438175 87.58014794277769 553
1777670452771 87.58014794277769 554
1777670467328 87.58014794277769 555
1777670481901 87.58014794277769 556
1777670496905 87.58014794277769 557
1777670511692 87.58014794277769 558
1777670526875 87.58014794277769 559
1777670541857 87.58014794277769 560
1777670556642 87.58014794277769 561
1777670571336 87.58014794277769 562
1777670586103 87.58014794277769 563
1777670600933 87.58014794277769 564
1777670615574 87.58014794277769 565
1777670630235 107.50701365114799 566
1777670644991 107.50701365114799 567
1777670659827 107.50701365114799 568
1777670674763 107.50701365114799 569
1777670689447 107.50701365114799 570
1777670704498 107.50701365114799 571
1777670719380 107.50701365114799 572
1777670734422 107.50701365114799 573
1777670749277 107.50701365114799 574
1777670764325 107.50701365114799 575
1777670779161 107.50701365114799 576
1777670794027 107.50701365114799 577
1777670808942 107.50701365114799 578
1777670823809 107.50701365114799 579
1777670838913 107.50701365114799 580
1777670853801 107.50701365114799 581
1777670868608 107.50701365114799 582
1777670883436 107.50701365114799 583
1777670898561 107.50701365114799 584
1777670913364 107.50701365114799 585
1777670928370 107.50701365114799 586
1777670943315 107.50701365114799 587
1777670958059 107.50701365114799 588
1777670973203 107.50701365114799 589
1777670987875 107.50701365114799 590
1777671002612 107.50701365114799 591
1777671017399 107.50701365114799 592
1777671032163 107.50701365114799 593
1777671047097 107.50701365114799 594
1777671062054 107.50701365114799 595
1777671076895 107.50701365114799 596
1777671092117 107.50701365114799 597
1777671107017 107.50701365114799 598
1777671122044 107.50701365114799 599
1777671137186 107.50701365114799 600
1777671151861 107.50701365114799 601
1777671167000 107.50701365114799 602
1777671181909 107.50701365114799 603
1777671196801 107.50701365114799 604
1777671211697 107.50701365114799 605
1777671226229 107.50701365114799 606
1777671240903 107.50701365114799 607
1777671256124 107.50701365114799 608
1777671270955 107.50701365114799 609
1777671285896 107.50701365114799 610
1777671300829 107.50701365114799 611
1777671315819 107.50701365114799 612
1777671330652 107.50701365114799 613
1777671345751 107.50701365114799 614
1777671360734 107.50701365114799 615
1777671375563 107.50701365114799 616
1777671390542 107.50701365114799 617
1777671405381 107.50701365114799 618
1777671420471 107.50701365114799 619
1777671435781 107.50701365114799 620
1777671450550 107.50701365114799 621
1777671465301 107.50701365114799 622
1777671480029 107.50701365114799 623
1777671494697 107.50701365114799 624
1777671509871 107.50701365114799 625
1777671524447 107.50701365114799 626
1777671539521 107.50701365114799 627
1777671554673 107.50701365114799 628
1777671569586 107.50701365114799 629
1777671584412 107.50701365114799 630
1777671599386 107.50701365114799 631
1777671614097 107.50701365114799 632
1777671628634 107.50701365114799 633
1777671643098 107.50701365114799 634
1777671657647 107.50701365114799 635
1777671672449 107.50701365114799 636
1777671687555 97.89516447428704 637
1777671702574 97.89516447428704 638
1777671717321 97.89516447428704 639
1777671732264 97.89516447428704 640
1777671747226 97.89516447428704 641
1777671762327 97.89516447428704 642
1777671777029 97.89516447428704 643
1777671792114 97.89516447428704 644
1777671807027 97.89516447428704 645
1777671822034 97.89516447428704 646
1777671836944 97.89516447428704 647
1777671851863 97.89516447428704 648
1777671866988 97.89516447428704 649
1777671882098 97.89516447428704 650
1777671896857 97.89516447428704 651
1777671911926 97.89516447428704 652
1777671926649 97.89516447428704 653
1777671941784 97.89516447428704 654
1777671956529 97.89516447428704 655
1777671971242 97.89516447428704 656
1777671985863 97.89516447428704 657
1777672000693 97.89516447428704 658
1777672015417 97.89516447428704 659
1777672030618 97.89516447428704 660
1777672045558 97.89516447428704 661
1777672060492 97.89516447428704 662
1777672075181 97.89516447428704 663
1777672089828 97.89516447428704 664
1777672104561 97.89516447428704 665
1777672119117 97.89516447428704 666
1777672134143 97.89516447428704 667
1777672149249 97.89516447428704 668
1777672164132 97.89516447428704 669
1777672178953 97.89516447428704 670
1777672193687 97.89516447428704 671
1777672209155 97.89516447428704 672
1777672223733 97.89516447428704 673
1777672238770 97.89516447428704 674
1777672253550 97.89516447428704 675
1777672268593 97.89516447428704 676
1777672283221 97.89516447428704 677
1777672298387 97.89516447428704 678
1777672313176 97.89516447428704 679
1777672328040 97.89516447428704 680
1777672342833 97.89516447428704 681
1777672357790 97.89516447428704 682
1777672372511 97.89516447428704 683
1777672387523 97.89516447428704 684
1777672402448 97.89516447428704 685
1777672416953 97.89516447428704 686
1777672431606 97.89516447428704 687
1777672446493 97.89516447428704 688
1777672461423 97.89516447428704 689
1777672476324 97.89516447428704 690
1777672491351 97.89516447428704 691
1777672506166 97.89516447428704 692
1777672520834 97.89516447428704 693
1777672535514 97.89516447428704 694
1777672550017 97.89516447428704 695
1777672564948 97.89516447428704 696
1777672579313 97.89516447428704 697
1777672594215 97.89516447428704 698
1777672609125 91.63144385096143 699
1777672624111 91.63144385096143 700
1777672639295 91.63144385096143 701
1777672654186 91.63144385096143 702
1777672669346 91.63144385096143 703
1777672684297 91.63144385096143 704
1777672699515 91.63144385096143 705
1777672714359 91.63144385096143 706
1777672729263 91.63144385096143 707
1777672744224 91.63144385096143 708
1777672759238 91.63144385096143 709
1777672774263 91.63144385096143 710
1777672788894 91.63144385096143 711
1777672804073 91.63144385096143 712
1777672819013 91.63144385096143 713
1777672833995 91.63144385096143 714
1777672849075 91.63144385096143 715
1777672863942 91.63144385096143 716
1777672879020 91.63144385096143 717
1777672893868 91.63144385096143 718
1777672908784 91.63144385096143 719
1777672923708 91.63144385096143 720
1777672938760 91.63144385096143 721
1777672953549 91.63144385096143 722
1777672968455 91.63144385096143 723
1777672983248 91.63144385096143 724
1777672998713 91.63144385096143 725
1777673013729 91.63144385096143 726
1777673028868 91.63144385096143 727
1777673043502 91.63144385096143 728
1777673058611 91.63144385096143 729
1777673073501 91.63144385096143 730
1777673088470 91.63144385096143 731
1777673103461 91.63144385096143 732
1777673118298 91.63144385096143 733
1777673133147 91.63144385096143 734
1777673147856 91.63144385096143 735
1777673162643 91.63144385096143 736
1777673177608 91.63144385096143 737
1777673192266 91.63144385096143 738
1777673206794 91.63144385096143 739
1777673221715 91.63144385096143 740
1777673236671 91.63144385096143 741
1777673251263 91.63144385096143 742
1777673266190 91.63144385096143 743
1777673281132 91.63144385096143 744
1777673295917 91.63144385096143 745
1777673310868 91.63144385096143 746
1777673325639 91.63144385096143 747
1777673340195 91.63144385096143 748
1777673354901 91.63144385096143 749
1777673370214 92.10631426310002 750
1777673384858 92.10631426310002 751
1777673399683 92.10631426310002 752
1777673414542 92.10631426310002 753
1777673429183 92.10631426310002 754
1777673444061 92.10631426310002 755
1777673458678 92.10631426310002 756
1777673473627 92.10631426310002 757
1777673488125 92.10631426310002 758
1777673503168 92.10631426310002 759
1777673517765 92.10631426310002 760
1777673532698 92.10631426310002 761
1777673547451 92.10631426310002 762
1777673562177 92.10631426310002 763
1777673577114 92.10631426310002 764
1777673592052 92.10631426310002 765
1777673606880 92.10631426310002 766
1777673621573 92.10631426310002 767
1777673636353 92.10631426310002 768
1777673651024 92.10631426310002 769
1777673665862 92.10631426310002 770
1777673680756 92.10631426310002 771
1777673695683 92.10631426310002 772
1777673710579 92.10631426310002 773
1777673725153 92.10631426310002 774
1777673739890 92.10631426310002 775
1777673754784 92.10631426310002 776
1777673769580 92.10631426310002 777
1777673784677 92.10631426310002 778
1777673799550 92.10631426310002 779
1777673814183 92.10631426310002 780
1777673828970 92.10631426310002 781
1777673843871 92.10631426310002 782
1777673858823 92.10631426310002 783
1777673873702 92.10631426310002 784
1777673888506 92.10631426310002 785
1777673903141 92.10631426310002 786
1777673917863 92.10631426310002 787
1777673932621 92.10631426310002 788
1777673947677 92.10631426310002 789
1777673962478 92.10631426310002 790
1777673977105 92.10631426310002 791
1777673991754 92.10631426310002 792
1777674006214 92.10631426310002 793
1777674020605 92.10631426310002 794
1777674035229 92.10631426310002 795
1777674049857 92.10631426310002 796
1777674064632 92.10631426310002 797
1777674079593 92.10631426310002 798
1777674094240 92.10631426310002 799
1777674108901 92.10631426310002 800
1777674123597 92.10631426310002 801
1777674138352 92.10631426310002 802
1777674153252 92.10631426310002 803
1777674168294 92.10631426310002 804
1777674183225 92.10631426310002 805
1777674198020 92.10631426310002 806
1777674213129 92.10631426310002 807
1777674228114 92.10631426310002 808
1777674242627 92.10631426310002 809
1777674257551 92.10631426310002 810
1777674272250 92.10631426310002 811
1777674286904 92.10631426310002 812
1777674301618 92.10631426310002 813
1777674316641 92.10631426310002 814
1777674331450 92.10631426310002 815
1777674346402 92.10631426310002 816
1777674361387 92.10631426310002 817
1777674376493 65.35164800963618 818
1777674391052 65.35164800963618 819
1777674406043 65.35164800963618 820
1777674420889 65.35164800963618 821
1777674435766 65.35164800963618 822
1777674450641 65.35164800963618 823
1777674465509 65.35164800963618 824
1777674480332 65.35164800963618 825
1777674495126 65.35164800963618 826
1777674509643 41.452244849699525 827
1777674524152 41.452244849699525 828
1777674539383 41.452244849699525 829
1777674553956 41.452244849699525 830
1777674568554 41.452244849699525 831
1777674583411 41.452244849699525 832
1777674598230 41.452244849699525 833
1777674613000 41.452244849699525 834
1777674627836 41.452244849699525 835
1777674642650 88.65159746487232 836
1777674657603 88.65159746487232 837
1777674672548 88.65159746487232 838
1777674687355 88.65159746487232 839
1777674702260 88.65159746487232 840
1777674717060 88.65159746487232 841
1777674731966 88.65159746487232 842
1777674746951 88.65159746487232 843
1777674761528 88.65159746487232 844
1777674776450 88.65159746487232 845
1777674791492 88.65159746487232 846
1777674806252 88.65159746487232 847
1777674820797 88.65159746487232 848
1777674835619 88.65159746487232 849
1777674850394 88.65159746487232 850
1777674865079 88.65159746487232 851
1777674880119 88.65159746487232 852
1777674894485 88.65159746487232 853
1777674909155 88.65159746487232 854
1777674923761 88.65159746487232 855
1777674938508 88.65159746487232 856
1777674953608 88.65159746487232 857
1777674968545 88.65159746487232 858
1777674983308 88.65159746487232 859
1777674998041 88.65159746487232 860
1777675013321 88.65159746487232 861
1777675028098 88.65159746487232 862
1777675043046 88.65159746487232 863
1777675057630 88.65159746487232 864
1777675072417 88.65159746487232 865
1777675087296 88.65159746487232 866
1777675102124 88.65159746487232 867
1777675116822 88.65159746487232 868
1777675131682 88.65159746487232 869
1777675146611 88.65159746487232 870
1777675161491 88.65159746487232 871
1777675176402 88.65159746487232 872
1777675191299 88.65159746487232 873
1777675206367 88.65159746487232 874
1777675221336 88.65159746487232 875
1777675236024 88.65159746487232 876
1777675250954 88.65159746487232 877
1777675265973 88.65159746487232 878
1777675281016 88.65159746487232 879
1777675295743 88.65159746487232 880
1777675310972 88.65159746487232 881
1777675326036 88.65159746487232 882
1777675340833 88.65159746487232 883
1777675355656 88.65159746487232 884
1777675370795 88.65159746487232 885
1777675385626 88.65159746487232 886
1777675400740 88.65159746487232 887
1777675415457 88.65159746487232 888
1777675430293 88.65159746487232 889
1777675445151 88.65159746487232 890
1777675460250 88.65159746487232 891
1777675474932 88.65159746487232 892
1777675489620 88.65159746487232 893
1777675504558 88.65159746487232 894
1777675519457 88.65159746487232 895
1777675534213 88.65159746487232 896
1777675548870 88.65159746487232 897
1777675563892 88.65159746487232 898
1777675578516 88.65159746487232 899
1777675593256 88.65159746487232 900
1777675608088 88.65159746487232 901
1777675623133 88.65159746487232 902
1777675638014 88.65159746487232 903
1777675653109 88.65159746487232 904
1777675667657 88.65159746487232 905
1777675682428 88.65159746487232 906
1777675697258 88.65159746487232 907
1777675712270 88.65159746487232 908
1777675726832 88.65159746487232 909
1777675741594 88.65159746487232 910
1777675756542 88.65159746487232 911
1777675771124 84.22929923440664 912
1777675785667 84.22929923440664 913
1777675800984 84.22929923440664 914
1777675815563 84.22929923440664 915
1777675830504 84.22929923440664 916
1777675845084 84.22929923440664 917
1777675859862 84.22929923440664 918
1777675874697 84.22929923440664 919
1777675889616 84.22929923440664 920
1777675904412 84.22929923440664 921
1777675919129 84.22929923440664 922
1777675934010 84.22929923440664 923
1777675948938 84.22929923440664 924
1777675963905 84.22929923440664 925
1777675978829 84.22929923440664 926
1777675993738 84.22929923440664 927
1777676008642 84.22929923440664 928
1777676023460 84.22929923440664 929
1777676038422 84.22929923440664 930
1777676053323 84.22929923440664 931
1777676068082 84.22929923440664 932
1777676082742 84.22929923440664 933
1777676097936 84.22929923440664 934
1777676112565 84.22929923440664 935
1777676127483 84.22929923440664 936
1777676142220 84.22929923440664 937
1777676156986 84.22929923440664 938
1777676172154 84.22929923440664 939
1777676187012 84.22929923440664 940
1777676201994 84.22929923440664 941
1777676216927 84.22929923440664 942
1777676231605 84.22929923440664 943
1777676246387 84.22929923440664 944
1777676261412 84.22929923440664 945
1777676276206 84.22929923440664 946
1777676290855 84.22929923440664 947
1777676305824 84.22929923440664 948
1777676320712 84.22929923440664 949
1777676335701 71.65710159390466 950
1777676350323 71.65710159390466 951
1777676365265 71.65710159390466 952
1777676380190 71.65710159390466 953
1777676395073 71.65710159390466 954
1777676410093 71.65710159390466 955
1777676424865 71.65710159390466 956
1777676439600 71.65710159390466 957
1777676454310 71.65710159390466 958
1777676469730 71.65710159390466 959
1777676484464 71.65710159390466 960
1777676499350 71.65710159390466 961
1777676513938 77.38904869978083 962
1777676529053 77.38904869978083 963
1777676543616 77.38904869978083 964
1777676558377 77.38904869978083 965
1777676572980 77.38904869978083 966
1777676588148 77.38904869978083 967
1777676603049 77.38904869978083 968
1777676617776 77.38904869978083 969
1777676632638 77.38904869978083 970
1777676648002 77.38904869978083 971
1777676662678 77.38904869978083 972
1777676677514 77.38904869978083 973
1777676692390 77.38904869978083 974
1777676707189 77.38904869978083 975
1777676721982 77.38904869978083 976
1777676736682 77.38904869978083 977
1777676751222 77.38904869978083 978
1777676766332 77.38904869978083 979
1777676781135 77.38904869978083 980
1777676796095 77.38904869978083 981
1777676810787 77.38904869978083 982
1777676825472 77.38904869978083 983
1777676839972 77.38904869978083 984
1777676854883 80.04562969252649 985
1777676869464 80.04562969252649 986
1777676884297 80.04562969252649 987
1777676899114 80.04562969252649 988
1777676913595 80.04562969252649 989
1777676928209 80.04562969252649 990
1777676943326 80.04562969252649 991
1777676958204 80.04562969252649 992
1777676972940 80.04562969252649 993
1777676987793 80.04562969252649 994
1777677002389 80.04562969252649 995
1777677017056 80.04562969252649 996
1777677032005 80.04562969252649 997
1777677046618 80.04562969252649 998
1777677061204 80.04562969252649 999
