1777662259600 nan 0
1777662271789 nan 1
1777662284607 nan 2
1777662297711 nan 3
1777662310633 nan 4
1777662323313 nan 5
1777662335904 nan 6
1777662348528 nan 7
1777662361326 nan 8
1777662374194 -1625.1582821993502 9
1777662387076 -1625.1582821993502 10
1777662400740 -1625.1582821993502 11
1777662414463 -1625.1582821993502 12
1777662428377 -1625.1582821993502 13
1777662442302 -1625.1582821993502 14
1777662456061 -1625.1582821993502 15
1777662469817 -1625.1582821993502 16
1777662483190 -1625.1582821993502 17
1777662496081 -1625.1582821993502 18
1777662508980 -1622.5092634779598 19
1777662521860 -1622.5092634779598 20
1777662534718 -1622.5092634779598 21
1777662547847 -1622.5092634779598 22
1777662560800 -1622.5092634779598 23
1777662573629 -1288.3183585774425 24
1777662586560 -1013.4624819831787 25
1777662599396 -808.185912780392 26
1777662612435 -670.5691390883617 27
1777662625578 -500.05328123832356 28
1777662638509 -444.2676702272697 29
1777662651825 -398.5054936464204 30
1777662665228 -398.5054936464204 31
1777662678754 -385.206335722519 32
1777662692377 -356.14448262980704 33
1777662706063 -330.13504313477705 34
1777662719805 -306.16300225479364 35
1777662733700 -281.5922484096761 36
1777662747562 -257.84782158353204 37
1777662761364 -242.09977555330917 38
1777662775369 -216.42260771943705 39
1777662789273 -207.95570839574785 40
1777662803234 -202.30356940644992 41
1777662817328 -189.7425100667066 42
1777662831330 -187.5717639141147 43
1777662845070 -186.72181879087543 44
1777662859052 -178.4103310851675 45
1777662872994 -164.63308553915215 46
1777662886725 -166.5470362876765 47
1777662900643 -154.0477965034704 48
1777662914678 -142.2191563673094 49
1777662928586 -137.66393913149383 50
1777662942863 -127.98644772077687 51
1777662956706 -127.81858080755539 52
1777662970894 -124.5897518337062 53
1777662985103 -115.89034245416937 54
1777662999306 -117.19956175468705 55
1777663013582 -119.59738881922203 56
1777663027710 -119.02659300996932 57
1777663041687 -120.62853884568662 58
1777663055629 -116.92170016517944 59
1777663069333 -114.64575710925217 60
1777663083761 -116.05036502284622 61
1777663097810 -116.96167089490645 62
1777663111799 -114.10519046071246 63
1777663126193 -114.398869445083 64
1777663140188 -112.9044252289474 65
1777663154415 -111.20905575440052 66
1777663168547 -110.42168024717657 67
1777663182848 -110.84002476163161 68
1777663196915 -111.01743236966416 69
1777663211250 -113.61035738744172 70
1777663225454 -113.10072156873503 71
1777663239562 -111.07872523411443 72
1777663253807 -110.91043913789515 73
1777663268072 -106.94376851938591 74
1777663282128 -107.8016835249359 75
1777663296447 -108.45477216796829 76
1777663310599 -108.93774517441972 77
1777663324849 -110.03078023880495 78
1777663339433 -109.13508259926483 79
1777663353487 -108.95424886737682 80
1777663368030 -110.64916132891216 81
1777663382179 -110.3383843319649 82
1777663396745 -109.01702232499713 83
1777663411113 -110.10229480488346 84
1777663425543 -107.89807377738451 85
1777663440000 -107.40253847462877 86
1777663454218 -90.77075853382036 87
1777663469048 -70.59706370675329 88
1777663483580 -73.77255396010104 89
1777663498154 -74.174034679117 90
1777663513011 -74.19513763799571 91
1777663527947 -75.1369336999382 92
1777663542851 -77.5288647343056 93
1777663557831 -80.64034864306346 94
1777663572543 -79.12032798712427 95
1777663587706 -80.73013317446872 96
1777663602552 -81.27352241468715 97
1777663617503 -81.33025867587524 98
1777663632225 -81.19577371425945 99
1777663646920 -79.61959569341775 100
1777663661473 -81.69017957330784 101
1777663676422 -80.44935702505647 102
1777663690989 -80.44935702505647 103
1777663706017 -78.71405187726474 104
1777663720704 -79.17687114630331 105
1777663735860 -81.28933502507476 106
1777663750780 -80.86711263840472 107
1777663765788 -80.38419710815101 108
1777663780721 -82.37178109597846 109
1777663795478 -82.41405173868054 110
1777663810611 -84.53326045618567 111
1777663825359 -84.60548066018468 112
1777663840423 -87.33399515023528 113
1777663855350 -87.00629060615785 114
1777663870286 -86.4973566364584 115
1777663885064 -87.23696854831074 116
1777663900053 -89.0767776454882 117
1777663914907 -87.265071422672 118
1777663929809 -85.88876611856833 119
1777663944674 -83.57020247448119 120
1777663959502 -81.01038525864418 121
1777663974922 -82.27863194890341 122
1777663989772 -80.75852284164411 123
1777664005051 -79.70693085384322 124
1777664020160 -80.9636349488768 125
1777664035238 -81.15792851349495 126
1777664050459 -81.4475695232969 127
1777664065543 -83.27533580607702 128
1777664080721 -81.62330171407807 129
1777664095769 -80.65799226993622 130
1777664110767 -81.2367223088228 131
1777664125810 -80.45632872520143 132
1777664140693 -80.40753578166587 133
1777664155486 -78.21825475737052 134
1777664170282 -78.54260891894488 135
1777664185371 -75.64314666399366 136
1777664200226 -75.64314666399366 137
1777664215364 -71.58232627258006 138
1777664230325 -70.37452824525293 139
1777664245093 -70.55766572960157 140
1777664260328 -73.00134228123035 141
1777664275525 -76.08778980688795 142
1777664290505 -73.1563940332407 143
1777664305393 -73.57134907041205 144
1777664320533 -73.7120982913396 145
1777664335212 -75.32172952753137 146
1777664350346 -75.47571589832634 147
1777664365358 -76.51095791222329 148
1777664380246 -73.92245003249522 149
1777664395207 -73.89775753454545 150
1777664410345 -73.72614148536832 151
1777664425226 -70.73520169932739 152
1777664440325 -69.36074539743424 153
1777664455559 -71.6303644770904 154
1777664470369 -71.6303644770904 155
1777664485525 -75.06198804923235 156
1777664500635 -75.82194362393916 157
1777664515749 -75.9041044183643 158
1777664530995 -73.98245939526196 159
1777664545814 -73.51677356686216 160
1777664560875 -75.04636968821154 161
1777664575698 -73.50739523088862 162
1777664590564 -71.66073894658125 163
1777664605416 -69.62437204711726 164
1777664620645 -68.81191396066748 165
1777664635655 -69.96668135959203 166
1777664650485 -69.96668135959203 167
1777664665402 -69.58680346660978 168
1777664680194 -70.6664229980414 169
1777664695338 -73.99451556336642 170
1777664710310 -75.1453848576114 171
1777664725472 -77.28621312456157 172
1777664740376 -76.90646550399292 173
1777664755376 -76.65706264693036 174
1777664770658 -79.22196616781777 175
1777664786117 -78.64866801025522 176
1777664800939 -77.31789732012393 177
1777664816145 -74.78005341712806 178
1777664831131 -75.38595664613833 179
1777664846340 -73.29506298083832 180
1777664861513 -73.63094764716627 181
1777664876691 -75.20168871660968 182
1777664891676 -75.2577381412534 183
1777664906651 -74.20921654995098 184
1777664921734 -74.93195258378007 185
1777664936957 -74.71556176577768 186
1777664952228 -77.70765700549505 187
1777664967507 -82.75092051696318 188
1777664982773 -81.84464647191473 189
1777664997795 -82.99301342310615 190
1777665012841 -84.11816066647704 191
1777665027889 -82.88921615761704 192
1777665043089 -85.37806419986215 193
1777665057994 -82.90950988741166 194
1777665072880 -83.31739952894492 195
1777665087730 -83.69670190292958 196
1777665102332 -83.69670190292958 197
1777665117297 -81.64321450289924 198
1777665132127 -81.64321450289924 199
1777665147398 -82.17347317020807 200
1777665162148 -82.74208647933855 201
1777665177304 -83.05337997680773 202
1777665192626 -86.05136858581643 203
1777665207552 -88.74182597869849 204
1777665222598 -86.51279339556984 205
1777665237857 -89.73262357278504 206
1777665252866 -92.7254015623124 207
1777665267971 -91.4623061574876 208
1777665282849 -91.94724738327359 209
1777665297911 -93.16573431184686 210
1777665312595 -93.16573431184686 211
1777665327870 -92.7109409993121 212
1777665342857 -94.11302958400628 213
1777665357877 -95.7739144659198 214
1777665373041 -93.6067499265994 215
1777665388127 -91.73380653177324 216
1777665402999 -90.30038004416538 217
1777665418390 -90.1638905299595 218
1777665433380 -90.76497066752154 219
1777665448557 -88.73807817781764 220
1777665463851 -88.72733595226278 221
1777665479122 -87.6528921269179 222
1777665494347 -87.60681687503129 223
1777665509182 -88.55178937984446 224
1777665524345 -90.9636969399533 225
1777665539612 -91.22540291900498 226
1777665554423 -91.22540291900498 227
1777665569656 -89.77940131166724 228
1777665584821 -87.30035190394429 229
1777665600150 -89.03788713851195 230
1777665615431 -88.72760233182278 231
1777665630690 -91.01294411198056 232
1777665646026 -91.57198774494502 233
1777665661086 -91.29894421002626 234
1777665676419 -93.03805252629603 235
1777665691507 -91.03636295933921 236
1777665707002 -89.64626454933301 237
1777665722072 -87.49508575085311 238
1777665737460 -87.44988861471934 239
1777665752448 -86.87494201042728 240
1777665767449 -85.77607195493029 241
1777665782692 -86.15993086919963 242
1777665797435 -87.60356224868814 243
1777665812848 -86.32777716106507 244
1777665827872 -87.83545926378918 245
1777665842908 -91.53896570937513 246
1777665858047 -91.19482548888897 247
1777665873290 -95.15428370334249 248
1777665888394 -93.39637742297322 249
1777665903802 -91.41025081885645 250
1777665918888 -90.8968295510318 251
1777665934304 -94.47901796274704 252
1777665949045 -93.75144025990325 253
1777665964370 -94.99597211925212 254
1777665979114 -93.44825923189747 255
1777665994186 -93.6371736688011 256
1777666009314 -94.51301822231939 257
1777666024397 -94.22830890869169 258
1777666039182 -92.36328514783075 259
1777666054364 -94.55267795163427 260
1777666069309 -92.771103986562 261
1777666084184 -93.1532864847009 262
1777666099238 -92.24809970844703 263
1777666114424 -93.52840873325034 264
1777666129455 -91.68628994299421 265
1777666144800 -92.83704517783113 266
1777666160027 -94.84674035577858 267
1777666175055 -94.14496427749582 268
1777666190007 -95.15793479354656 269
1777666204601 -95.15793479354656 270
1777666219511 -93.58079894000602 271
1777666234740 -93.57986699611085 272
1777666249697 -93.73682175545986 273
1777666264976 -94.08210434890393 274
1777666280061 -93.31388505510404 275
1777666295303 -95.09467126392755 276
1777666310041 -94.72190793234711 277
1777666325135 -91.79737749679587 278
1777666340152 -92.04935359031725 279
1777666355218 -87.57026102273053 280
1777666370423 -87.13176985933632 281
1777666385751 -90.59623884638611 282
1777666400622 -87.81557163758576 283
1777666415835 -87.426411070667 284
1777666430721 -89.12457507882311 285
1777666445853 -88.54094625434733 286
1777666461127 -92.03362419996996 287
1777666475982 -90.1713616783979 288
1777666490845 -89.60893855686813 289
1777666506311 -90.05635434201558 290
1777666520970 -87.96350339587026 291
1777666535899 -87.83862784568446 292
1777666551077 -90.79321088009414 293
1777666565944 -90.88352833914665 294
1777666580775 -87.23110131274969 295
1777666595867 -88.3754811387178 296
1777666610859 -87.12856436053953 297
1777666625921 -85.579181843933 298
1777666640894 -86.81312438130952 299
1777666655705 -88.91989479504998 300
1777666670588 -88.66682162634719 301
1777666685767 -89.50326792807203 302
1777666700619 -92.1424298629207 303
1777666715462 -93.22920088052335 304
1777666730338 -93.18963598152652 305
1777666745154 -95.90228282060485 306
1777666760080 -93.82319700942948 307
1777666774944 -94.29806780522964 308
1777666789793 -93.70820405701681 309
1777666804695 -93.90672249978049 310
1777666819428 -91.20817344405621 311
1777666834225 -90.06693749211581 312
1777666849226 -88.72482061621116 313
1777666864191 -88.43116782944944 314
1777666879068 -88.7109388101101 315
1777666893922 -87.83843518273918 316
1777666908955 -85.62209801227306 317
1777666923834 -84.08458802076957 318
1777666938857 -83.1885498576048 319
1777666953787 -84.08790892331191 320
1777666968543 -83.88883917572868 321
1777666983670 -84.75384726579303 322
1777666998681 -85.57318644412064 323
1777667013700 -88.16360789055288 324
1777667028964 -88.62254815707702 325
1777667043829 -88.62254815707702 326
1777667059046 -86.80963483191776 327
1777667073815 -86.8453428899491 328
1777667088791 -85.08625886325507 329
1777667103887 -87.97800124668468 330
1777667118669 -85.58221301938896 331
1777667133513 -87.3103355630104 332
1777667148545 -85.61385119300269 333
1777667163759 -89.00990741991387 334
1777667178787 -90.49500275857918 335
1777667193672 -90.15424925170625 336
1777667208749 -90.10980502787963 337
1777667223395 -89.65260478728479 338
1777667238767 -90.19495295959835 339
1777667253598 -91.88852763429668 340
1777667268549 -93.57081746752834 341
1777667283720 -92.0664338798001 342
1777667298635 -91.47843498727356 343
1777667313778 -92.44591718345956 344
1777667328697 -92.9877619920971 345
1777667343973 -95.62668441523493 346
1777667359340 -95.42316972961648 347
1777667374017 -95.19802329310815 348
1777667389156 -96.38323467519784 349
1777667404396 -97.07065662918313 350
1777667419418 -99.25341624727514 351
1777667434502 -97.6053606799693 352
1777667449596 -99.6752835194817 353
1777667464593 -100.51660190974594 354
1777667479722 -99.04292392497204 355
1777667494716 -101.13800062323129 356
1777667509501 -99.07348162793616 357
1777667524555 -98.39704161102247 358
1777667539712 -99.97615168979883 359
1777667554696 -98.38880752592813 360
1777667569672 -97.96075162992696 361
1777667584522 -97.51803391441378 362
1777667599467 -98.86715100422948 363
1777667614172 -98.30504284451352 364
1777667629263 -99.8992946707888 365
1777667644078 -101.46329424540656 366
1777667658960 -101.98061596002248 367
1777667673799 -100.04350247534371 368
1777667688663 -98.43072920977613 369
1777667703969 -99.84399342944126 370
1777667718744 -98.238067586834 371
1777667733864 -97.51233067306909 372
1777667748630 -96.7971386068978 373
1777667763543 -93.98782408295148 374
1777667778321 -95.82935240481157 375
1777667792917 -93.33154690802208 376
1777667808147 -94.99528547630467 377
1777667823117 -98.16439875492038 378
1777667838328 -101.46428359516366 379
1777667853377 -101.26128843585286 380
1777667868410 -102.00895661564176 381
1777667883811 -108.3855363012046 382
1777667898488 -109.37539027951352 383
1777667913441 -109.83026773186386 384
1777667928386 -112.51525103697591 385
1777667943264 -108.88112785441099 386
1777667958578 -107.05153740804631 387
1777667973826 -106.57806879214604 388
1777667988677 -105.17730159356017 389
1777668003691 -103.37740756587068 390
1777668018604 -100.86679106205384 391
1777668033711 -99.23952232375306 392
1777668048936 -100.58879130317072 393
1777668064102 -100.94606994275233 394
1777668078976 -102.50915183718799 395
1777668093931 -102.59813908252859 396
1777668108950 -102.85204631021887 397
1777668124130 -102.13036197676247 398
1777668139122 -99.9482643489026 399
1777668154057 -100.33220800439119 400
1777668169150 -101.23424078387502 401
1777668183891 -102.0934394568637 402
1777668198642 -100.6311303988514 403
1777668213796 -98.1991552157427 404
1777668228736 -97.84343568204169 405
1777668243620 -97.90770685413086 406
1777668258760 -95.932557198692 407
1777668273282 -97.53899239543735 408
1777668288491 -95.6220951207875 409
1777668303338 -95.24537398696681 410
1777668318649 -94.60242992949823 411
1777668333560 -92.86605908199668 412
1777668348601 -93.10912580223646 413
1777668363360 -91.46945764418847 414
1777668378388 -95.55415400348221 415
1777668393245 -94.34464837326308 416
1777668408293 -94.23242942931988 417
1777668423402 -95.07676366559838 418
1777668438274 -97.09674931122925 419
1777668453409 -96.91554065095441 420
1777668468489 -94.89423040278226 421
1777668483648 -96.45649588251473 422
1777668498862 -97.96345236106363 423
1777668513955 -100.07040309091133 424
1777668528759 -101.33633426347009 425
1777668543701 -97.88321883120105 426
1777668558905 -98.09509945854738 427
1777668573420 -98.09509945854738 428
1777668588545 -98.74950301953783 429
1777668603809 -98.29436432690083 430
1777668619037 -99.71047330386664 431
1777668633839 -98.04551133286888 432
1777668648799 -99.87166607374066 433
1777668663570 -101.22877796832395 434
1777668678289 -101.22877796832395 435
1777668692997 -103.23567807952455 436
1777668708037 -105.55112324839185 437
1777668722803 -105.66305633011187 438
1777668737892 -103.91906691910376 439
1777668752944 -105.44861762987185 440
1777668767968 -105.97464626302502 441
1777668782829 -107.73173888734597 442
1777668797927 -108.04489624398039 443
1777668812928 -108.98749368383822 444
1777668827879 -106.72781143039148 445
1777668842772 -106.46995939793983 446
1777668857973 -107.88707227729803 447
1777668873208 -108.54438034051697 448
1777668888304 -109.85366071763967 449
1777668903136 -110.18093473214576 450
1777668918282 -109.66284758951309 451
1777668933505 -112.80019672439599 452
1777668948329 -111.16446487837064 453
1777668963086 -111.65973244486548 454
1777668978089 -109.87562060950012 455
1777668993041 -111.36619818232832 456
1777669007945 -111.33128028359197 457
1777669022621 -113.34340846994819 458
1777669037477 -114.82673860898629 459
1777669052561 -114.69440084986347 460
1777669067608 -117.71578323024744 461
1777669082265 -114.69409182209718 462
1777669097067 -114.66308159701934 463
1777669112084 -115.14830388569185 464
1777669126973 -111.87137690919441 465
1777669141908 -112.06186473749726 466
1777669157100 -112.24731539879821 467
1777669171728 -112.04043885744314 468
1777669186666 -112.03557442420313 469
1777669201613 -114.21619078287817 470
1777669216409 -115.61457928849377 471
1777669231948 -113.58754025150218 472
1777669246709 -113.06450451910695 473
1777669261748 -113.67960272608231 474
1777669277084 -116.67418736111657 475
1777669292054 -116.10100021448204 476
1777669306927 -118.18587236945821 477
1777669322115 -115.83043523813141 478
1777669337184 -114.58214679652421 479
1777669352175 -112.81421880584936 480
1777669367279 -113.96390488666937 481
1777669382164 -111.8229057402533 482
1777669397313 -111.60236081729629 483
1777669412235 -112.59657468160694 484
1777669427195 -112.77900507098998 485
1777669442108 -112.67846316713076 486
1777669456852 -110.45246276232025 487
1777669471974 -109.96045343327862 488
1777669486781 -109.9274008125506 489
1777669501892 -109.48051454113983 490
1777669516896 -109.43515554286998 491
1777669531822 -109.43515554286998 492
1777669546830 -110.62147344030511 493
1777669561787 -112.56650793379086 494
1777669576699 -112.98603433167699 495
1777669591699 -112.1795187540393 496
1777669606426 -112.18671558548074 497
1777669621832 -111.61673708770726 498
1777669636646 -112.01807924561903 499
1777669651746 -113.68912589197676 500
1777669666566 -113.43721095590809 501
1777669681501 -110.97920293212572 502
1777669696380 -105.34627162961966 503
1777669711376 -105.02855806793227 504
1777669726268 -103.36916921024516 505
1777669741397 -105.6977905598571 506
1777669756374 -103.84872080665204 507
1777669771324 -101.83436943579504 508
1777669786000 -100.80931770705494 509
1777669801017 -100.46085383330691 510
1777669815658 -100.7063310611246 511
1777669830441 -100.34854234409647 512
1777669845024 -101.00816294119079 513
1777669860251 -101.63757538126907 514
1777669875044 -100.03075317328904 515
1777669889706 -100.39692102455527 516
1777669904560 -97.06977759275047 517
1777669919509 -94.86454597940337 518
1777669934411 -94.95448033815836 519
1777669949165 -93.58950802140461 520
1777669963902 -93.01431634577202 521
1777669978785 -92.29015752837253 522
1777669993709 -90.93091763309747 523
1777670008732 -89.55286206947294 524
1777670023343 -91.48755496916584 525
1777670038258 -91.75788140192167 526
1777670052987 -91.64598136207776 527
1777670067977 -93.48804807335404 528
1777670083023 -93.50917884154087 529
1777670097982 -93.57210433284932 530
1777670112906 -92.80591471741269 531
1777670127639 -92.34805147976998 532
1777670142451 -92.68407151926638 533
1777670157062 -89.748727224504 534
1777670171843 -86.9880649068537 535
1777670186916 -87.97824218870439 536
1777670201544 -86.37936879315052 537
1777670216012 -86.37936879315052 538
1777670230645 -85.50309144791038 539
1777670245498 -85.56271708813858 540
1777670260388 -82.81502154491368 541
1777670275174 -81.78345740643232 542
1777670289870 -80.94943364558078 543
1777670304524 -80.76101454367793 544
1777670319220 -81.84754170408168 545
1777670334285 -84.08746333203922 546
1777670349198 -83.55524671259785 547
1777670363845 -82.87309215911229 548
1777670378470 -81.63942046476666 549
1777670393714 -82.96724581203952 550
1777670408583 -81.90324631588724 551
1777670423390 -82.15578474280848 552
1777670438175 -86.63150057849838 553
1777670452771 -87.19390272208155 554
1777670467328 -87.19390272208155 555
1777670481901 -87.36327546830464 556
1777670496905 -87.32854563946039 557
1777670511692 -89.44083743840817 558
1777670526875 -89.65487375311258 559
1777670541857 -87.64649822454292 560
1777670556642 -87.79938833867755 561
1777670571336 -88.01109931326256 562
1777670586103 -90.77270333697767 563
1777670600933 -90.37763618916246 564
1777670615574 -91.37865628994996 565
1777670630235 -89.44078181105883 566
1777670644991 -88.9523290528354 567
1777670659827 -88.86645311612821 568
1777670674763 -89.6245510104254 569
1777670689447 -87.82289303239884 570
1777670704498 -87.78413854955203 571
1777670719380 -87.67164815787423 572
1777670734422 -90.14702861898125 573
1777670749277 -91.62621125740716 574
1777670764325 -90.21631228875817 575
1777670779161 -89.9599091700337 576
1777670794027 -92.57413789030832 577
1777670808942 -92.44936822973452 578
1777670823809 -92.46384474456643 579
1777670838913 -92.12655367757868 580
1777670853801 -89.78366177343793 581
1777670868608 -90.10298848019015 582
1777670883436 -90.65908014449478 583
1777670898561 -93.77079139462961 584
1777670913364 -93.96023715063544 585
1777670928370 -93.62355366282624 586
1777670943315 -94.81939651562853 587
1777670958059 -93.00020116788868 588
1777670973203 -93.93374277068924 589
1777670987875 -96.61584061672151 590
1777671002612 -97.48934804118853 591
1777671017399 -99.8024796619177 592
1777671032163 -98.29806651937328 593
1777671047097 -99.08757793104795 594
1777671062054 -99.40148853819781 595
1777671076895 -98.21913098214755 596
1777671092117 -101.44896348045236 597
1777671107017 -99.98733344675675 598
1777671122044 -99.8600892922721 599
1777671137186 -100.6269732651421 600
1777671151861 -100.17629845241596 601
1777671167000 -98.36928197065572 602
1777671181909 -100.59380133455969 603
1777671196801 -99.43376111025859 604
1777671211697 -100.0886301198108 605
1777671226229 -102.4984076969691 606
1777671240903 -100.40450398736948 607
1777671256124 -103.88874308102997 608
1777671270955 -104.71364293049291 609
1777671285896 -106.91985353674563 610
1777671300829 -109.19731670588259 611
1777671315819 -110.96249635281997 612
1777671330652 -111.04350758173425 613
1777671345751 -112.0939994377498 614
1777671360734 -114.41897595483903 615
1777671375563 -115.28630604423118 616
1777671390542 -113.87634200180791 617
1777671405381 -114.46829298671432 618
1777671420471 -114.96557077741618 619
1777671435781 -113.48150498132327 620
1777671450550 -112.57819380290586 621
1777671465301 -112.84471809793757 622
1777671480029 -113.48410085982319 623
1777671494697 -113.38502217383244 624
1777671509871 -114.77644631505368 625
1777671524447 -112.87129854478353 626
1777671539521 -112.93627025451332 627
1777671554673 -112.84796398466588 628
1777671569586 -115.28625186211728 629
1777671584412 -113.98809453012078 630
1777671599386 -112.00890960622253 631
1777671614097 -110.69029326628808 632
1777671628634 -110.69029326628808 633
1777671643098 -110.69029326628808 634
1777671657647 -110.69029326628808 635
1777671672449 -112.77626677113447 636
1777671687555 -117.39287868997961 637
1777671702574 -117.33413561555224 638
1777671717321 -117.59867250542534 639
1777671732264 -117.07910467527994 640
1777671747226 -117.0817379978839 641
1777671762327 -118.07296638357212 642
1777671777029 -118.70709639533469 643
1777671792114 -118.17040191486436 644
1777671807027 -117.3249769435417 645
1777671822034 -115.70164383737827 646
1777671836944 -116.09287604214063 647
1777671851863 -116.38087053306528 648
1777671866988 -116.08747449393798 649
1777671882098 -116.45689598257076 650
1777671896857 -114.17645948197169 651
1777671911926 -116.25374719296022 652
1777671926649 -114.11915759816948 653
1777671941784 -117.98082864193469 654
1777671956529 -119.15605529920678 655
1777671971242 -117.39940865470837 656
1777671985863 -117.06043611280252 657
1777672000693 -115.208720072049 658
1777672015417 -115.37872831953662 659
1777672030618 -112.72792737563825 660
1777672045558 -113.3345189027141 661
1777672060492 -115.11031602495994 662
1777672075181 -112.51602387064356 663
1777672089828 -110.50765250494537 664
1777672104561 -108.24911026659711 665
1777672119117 -108.24911026659711 666
1777672134143 -106.73596602282427 667
1777672149249 -106.47302325854817 668
1777672164132 -107.4113365022918 669
1777672178953 -107.09431072669241 670
1777672193687 -105.88929793549568 671
1777672209155 -104.60969905635085 672
1777672223733 -104.60969905635085 673
1777672238770 -105.45000379778627 674
1777672253550 -103.56385337500747 675
1777672268593 -104.83331978890848 676
1777672283221 -103.18833288354405 677
1777672298387 -105.19676215503713 678
1777672313176 -102.49929059476943 679
1777672328040 -104.25537410298841 680
1777672342833 -104.14917660322837 681
1777672357790 -103.39339869469184 682
1777672372511 -103.93323759956353 683
1777672387523 -104.78036557457708 684
1777672402448 -104.84943497345147 685
1777672416953 -103.91091090654382 686
1777672431606 -102.13539265656773 687
1777672446493 -102.98458303607008 688
1777672461423 -102.70932771212864 689
1777672476324 -102.60317897880238 690
1777672491351 -103.56248219300977 691
1777672506166 -104.38623974574622 692
1777672520834 -104.38623974574622 693
1777672535514 -105.18726873350572 694
1777672550017 -105.18726873350572 695
1777672564948 -105.14315059767561 696
1777672579313 -105.14315059767561 697
1777672594215 -102.60557933856026 698
1777672609125 -103.84063988697571 699
1777672624111 -104.44699049785964 700
1777672639295 -104.25490889920795 701
1777672654186 -102.35858462865264 702
1777672669346 -101.97256593399398 703
1777672684297 -102.77224149908744 704
1777672699515 -102.41095976089453 705
1777672714359 -102.9819068412386 706
1777672729263 -101.75912244544016 707
1777672744224 -103.38300046918876 708
1777672759238 -103.97223401745732 709
1777672774263 -100.04807167124648 710
1777672788894 -99.56420887118422 711
1777672804073 -98.41644016782251 712
1777672819013 -97.8089455660837 713
1777672833995 -96.53247729365577 714
1777672849075 -97.63671140791418 715
1777672863942 -95.74806270643289 716
1777672879020 -98.15712886855557 717
1777672893868 -96.30198084617803 718
1777672908784 -96.41768374205802 719
1777672923708 -95.4221571846369 720
1777672938760 -96.22164118692737 721
1777672953549 -94.76884189198474 722
1777672968455 -93.71074855748506 723
1777672983248 -92.27053888566257 724
1777672998713 -94.77613983944754 725
1777673013729 -94.85740291906035 726
1777673028868 -95.4770231772432 727
1777673043502 -97.06814353431017 728
1777673058611 -96.9489065799062 729
1777673073501 -96.46010534507144 730
1777673088470 -98.45558494591197 731
1777673103461 -98.21319759973684 732
1777673118298 -96.85787497868027 733
1777673133147 -100.28338829165763 734
1777673147856 -102.59787021825143 735
1777673162643 -103.2619182480004 736
1777673177608 -103.3487262546802 737
1777673192266 -102.27298795602277 738
1777673206794 -102.27298795602277 739
1777673221715 -102.20069085010572 740
1777673236671 -100.11435019035612 741
1777673251263 -100.24925083102445 742
1777673266190 -102.11454504291589 743
1777673281132 -102.2296899836459 744
1777673295917 -99.2902798826218 745
1777673310868 -99.63101046322134 746
1777673325639 -101.30772218524733 747
1777673340195 -99.53496960536606 748
1777673354901 -100.57073940264718 749
1777673370214 -100.27505772242283 750
1777673384858 -98.64386951442984 751
1777673399683 -99.01766823842101 752
1777673414542 -99.48272082611805 753
1777673429183 -101.66819931102835 754
1777673444061 -101.78857740136584 755
1777673458678 -101.36645273041293 756
1777673473627 -100.15506603996533 757
1777673488125 -101.76071714324246 758
1777673503168 -100.3992248273141 759
1777673517765 -100.47856072202383 760
1777673532698 -98.14211381795552 761
1777673547451 -96.65160705268987 762
1777673562177 -96.214268455729 763
1777673577114 -97.40362788111935 764
1777673592052 -99.02750659730377 765
1777673606880 -99.89147436569476 766
1777673621573 -100.09627390376272 767
1777673636353 -99.2449048658035 768
1777673651024 -96.79489807857384 769
1777673665862 -97.49952521894646 770
1777673680756 -97.97847881649618 771
1777673695683 -97.39878755838897 772
1777673710579 -97.19409541717256 773
1777673725153 -96.84197263784303 774
1777673739890 -96.33213317606688 775
1777673754784 -98.9360100254124 776
1777673769580 -98.53703721822194 777
1777673784677 -100.58630147198137 778
1777673799550 -101.583161377578 779
1777673814183 -102.45969480033533 780
1777673828970 -103.91099842607302 781
1777673843871 -106.0616461244779 782
1777673858823 -105.83205636389452 783
1777673873702 -106.32482692557669 784
1777673888506 -106.12698763756354 785
1777673903141 -107.11081382247747 786
1777673917863 -107.64534135677687 787
1777673932621 -106.78360585222055 788
1777673947677 -109.00016755666039 789
1777673962478 -110.61706979032455 790
1777673977105 -109.37752019406611 791
1777673991754 -110.70171825075394 792
1777674006214 -110.70171825075394 793
1777674020605 -110.70171825075394 794
1777674035229 -113.69380079282699 795
1777674049857 -115.15148215842294 796
1777674064632 -115.41219127355113 797
1777674079593 -114.44459261344338 798
1777674094240 -114.23519098862087 799
1777674108901 -112.95720585201185 800
1777674123597 -112.95720585201185 801
1777674138352 -116.63652825479143 802
1777674153252 -117.09808698296867 803
1777674168294 -118.23816926418299 804
1777674183225 -119.89912780987703 805
1777674198020 -118.96669133027349 806
1777674213129 -120.17601064917089 807
1777674228114 -121.43246247986886 808
1777674242627 -122.13367217505724 809
1777674257551 -125.43102644893528 810
1777674272250 -126.1523051444674 811
1777674286904 -127.80120163393471 812
1777674301618 -128.36849220772368 813
1777674316641 -128.77036740248565 814
1777674331450 -130.63615882681023 815
1777674346402 -129.59904250127116 816
1777674361387 -132.91377435209634 817
1777674376493 -135.73629364123013 818
1777674391052 -136.24788177826372 819
1777674406043 -136.48737328426893 820
1777674420889 -137.5709298398825 821
1777674435766 -137.57064319842758 822
1777674450641 -135.95276683077918 823
1777674465509 -134.07914084612798 824
1777674480332 -133.5586801558094 825
1777674495126 -133.82662578781293 826
1777674509643 -134.15744777306918 827
1777674524152 -133.14187361662613 828
1777674539383 -133.08901901263596 829
1777674553956 -132.77993542734868 830
1777674568554 -130.97585826877545 831
1777674583411 -132.64878346000825 832
1777674598230 -133.9223464938779 833
1777674613000 -134.54485015254556 834
1777674627836 -131.85398076306876 835
1777674642650 -129.62893324510532 836
1777674657603 -129.8260292990058 837
1777674672548 -130.76212778699903 838
1777674687355 -134.08581302370146 839
1777674702260 -134.31134960824397 840
1777674717060 -133.41898268594724 841
1777674731966 -134.49020944876528 842
1777674746951 -135.3687327167604 843
1777674761528 -135.3687327167604 844
1777674776450 -134.31166774945606 845
1777674791492 -134.3459766270411 846
1777674806252 -133.46837588275994 847
1777674820797 -132.07982362344978 848
1777674835619 -132.4651008583069 849
1777674850394 -131.70394880363503 850
1777674865079 -132.0458723603898 851
1777674880119 -133.0189422392408 852
1777674894485 -133.0189422392408 853
1777674909155 -131.4980362166765 854
1777674923761 -129.3453722932975 855
1777674938508 -128.45847608808128 856
1777674953608 -128.99476890287175 857
1777674968545 -128.587620889608 858
1777674983308 -129.0094883277311 859
1777674998041 -129.04641564304436 860
1777675013321 -130.90388624298487 861
1777675028098 -128.5843656761711 862
1777675043046 -127.95711185659071 863
1777675057630 -128.18483259212616 864
1777675072417 -127.78500897860935 865
1777675087296 -124.3840670336379 866
1777675102124 -122.37402215974788 867
1777675116822 -122.28750349124202 868
1777675131682 -122.18262619825919 869
1777675146611 -121.124316282973 870
1777675161491 -122.15724108695676 871
1777675176402 -121.15565284125738 872
1777675191299 -120.18449375098882 873
1777675206367 -119.11407230735527 874
1777675221336 -117.62194710803398 875
1777675236024 -114.99016592303902 876
1777675250954 -113.58775415386772 877
1777675265973 -113.17818429564782 878
1777675281016 -112.8122915082461 879
1777675295743 -112.86484247692587 880
1777675310972 -110.77017978113591 881
1777675326036 -110.54831836120036 882
1777675340833 -110.85066511262568 883
1777675355656 -112.06257961496841 884
1777675370795 -108.55740223546685 885
1777675385626 -107.94606288272503 886
1777675400740 -106.89032637495548 887
1777675415457 -107.14571647457814 888
1777675430293 -105.93885151323968 889
1777675445151 -105.9638720619167 890
1777675460250 -106.78155951283219 891
1777675474932 -106.65319570041245 892
1777675489620 -106.23852306020301 893
1777675504558 -105.85026724032949 894
1777675519457 -105.98772152111452 895
1777675534213 -106.61817113374713 896
1777675548870 -108.3809421744732 897
1777675563892 -106.63804408977946 898
1777675578516 -107.09202979236987 899
1777675593256 -105.72675476978594 900
1777675608088 -103.81999704077278 901
1777675623133 -105.92464867744013 902
1777675638014 -106.2096307843628 903
1777675653109 -107.47542487981906 904
1777675667657 -107.47542487981906 905
1777675682428 -107.20758424456443 906
1777675697258 -106.97468430285306 907
1777675712270 -104.52265771200668 908
1777675726832 -102.14382417025874 909
1777675741594 -100.19761180768838 910
1777675756542 -102.38203684235725 911
1777675771124 -105.14131017072367 912
1777675785667 -105.14131017072367 913
1777675800984 -105.93089150028129 914
1777675815563 -105.53518446813487 915
1777675830504 -104.51826549562671 916
1777675845084 -102.31951936812571 917
1777675859862 -100.45013862078933 918
1777675874697 -100.74596364305773 919
1777675889616 -100.81154244712485 920
1777675904412 -101.73405185826368 921
1777675919129 -100.97869290438236 922
1777675934010 -99.6030447658509 923
1777675948938 -99.1156206611953 924
1777675963905 -98.52768706449571 925
1777675978829 -98.25745500333893 926
1777675993738 -99.61585905344596 927
1777676008642 -98.96811845451366 928
1777676023460 -97.30230450056686 929
1777676038422 -96.51201040506918 930
1777676053323 -97.98224594075637 931
1777676068082 -98.64808869141625 932
1777676082742 -98.66735393500721 933
1777676097936 -100.98839887338842 934
1777676112565 -101.2964305955077 935
1777676127483 -99.15580137544674 936
1777676142220 -99.6780818744026 937
1777676156986 -99.56592957507702 938
1777676172154 -100.46447600393236 939
1777676187012 -100.39219647429745 940
1777676201994 -103.23500360234323 941
1777676216927 -103.77921587893997 942
1777676231605 -103.50761955937853 943
1777676246387 -104.70543456860399 944
1777676261412 -103.39585160796481 945
1777676276206 -101.96527907812097 946
1777676290855 -102.17894185941358 947
1777676305824 -103.4732137770725 948
1777676320712 -103.33443317358238 949
1777676335701 -107.32715205886625 950
1777676350323 -107.01144953964531 951
1777676365265 -107.26361163376195 952
1777676380190 -108.61679894417301 953
1777676395073 -108.32232549128017 954
1777676410093 -108.37445644244322 955
1777676424865 -108.16630339659632 956
1777676439600 -107.52484331952193 957
1777676454310 -104.5997075555212 958
1777676469730 -108.70169465908289 959
1777676484464 -108.79759227474642 960
1777676499350 -110.07233210454052 961
1777676513938 -107.74036032284988 962
1777676529053 -106.57523469846821 963
1777676543616 -106.2644930062739 964
1777676558377 -105.54695213019774 965
1777676572980 -104.11798047720632 966
1777676588148 -104.08806473778378 967
1777676603049 -103.40085590518922 968
1777676617776 -103.94959397291626 969
1777676632638 -103.85859174938258 970
1777676648002 -107.09027554890719 971
1777676662678 -109.55415524486472 972
1777676677514 -110.0041627595112 973
1777676692390 -109.93990291374561 974
1777676707189 -109.93990291374561 975
1777676721982 -109.8599605610334 976
1777676736682 -110.60464208976873 977
1777676751222 -110.60464208976873 978
1777676766332 -110.75586716574206 979
1777676781135 -110.75586716574206 980
1777676796095 -112.6018529817381 981
1777676810787 -112.4080434031312 982
1777676825472 -114.27611940467095 983
1777676839972 -115.00355259941423 984
1777676854883 -113.10235353503391 985
1777676869464 -112.97408893779293 986
1777676884297 -111.5739060259175 987
1777676899114 -111.39183198325907 988
1777676913595 -111.39183198325907 989
1777676928209 -111.17850283351603 990
1777676943326 -111.34246067532592 991
1777676958204 -113.65794727266255 992
1777676972940 -113.43655030129774 993
1777676987793 -114.0127072794833 994
1777677002389 -111.96580742324015 995
1777677017056 -111.24616544455422 996
1777677032005 -114.00965773160888 997
1777677046618 -114.37777199005592 998
1777677061204 -114.37777199005592 999
