1777662259600 nan 0
1777662271789 nan 1
1777662284607 nan 2
1777662297711 nan 3
1777662310633 nan 4
1777662323313 nan 5
1777662335904 nan 6
1777662348528 nan 7
1777662361326 nan 8
1777662374194 -1625.1582821993502 9
1777662387076 -1625.1582821993502 10
1777662400740 -1625.1582821993502 11
1777662414463 -1625.1582821993502 12
1777662428377 -1625.1582821993502 13
1777662442302 -1625.1582821993502 14
1777662456061 -1625.1582821993502 15
1777662469817 -1625.1582821993502 16
1777662483190 -1625.1582821993502 17
1777662496081 -1625.1582821993502 18
1777662508980 -1625.1582821993502 19
1777662521860 -1625.1582821993502 20
1777662534718 -1625.1582821993502 21
1777662547847 -1625.1582821993502 22
1777662560800 -1625.1582821993502 23
1777662573629 -1625.1582821993502 24
1777662586560 -1625.1582821993502 25
1777662599396 -1625.1582821993502 26
1777662612435 -1625.1582821993502 27
1777662625578 -1625.1582821993502 28
1777662638509 -1625.1582821993502 29
1777662651825 -1625.1582821993502 30
1777662665228 -1625.1582821993502 31
1777662678754 -1625.1582821993502 32
1777662692377 -1625.1582821993502 33
1777662706063 -1625.1582821993502 34
1777662719805 -1625.1582821993502 35
1777662733700 -1625.1582821993502 36
1777662747562 -1625.1582821993502 37
1777662761364 -1625.1582821993502 38
1777662775369 -1625.1582821993502 39
1777662789273 -1625.1582821993502 40
1777662803234 -1625.1582821993502 41
1777662817328 -1625.1582821993502 42
1777662831330 -1625.1582821993502 43
1777662845070 -1625.1582821993502 44
1777662859052 -1625.1582821993502 45
1777662872994 -1625.1582821993502 46
1777662886725 -1625.1582821993502 47
1777662900643 -1625.1582821993502 48
1777662914678 -1625.1582821993502 49
1777662928586 -1625.1582821993502 50
1777662942863 -1625.1582821993502 51
1777662956706 -1625.1582821993502 52
1777662970894 -1625.1582821993502 53
1777662985103 -1625.1582821993502 54
1777662999306 -1625.1582821993502 55
1777663013582 -1625.1582821993502 56
1777663027710 -1625.1582821993502 57
1777663041687 -1625.1582821993502 58
1777663055629 -1625.1582821993502 59
1777663069333 -1625.1582821993502 60
1777663083761 -1625.1582821993502 61
1777663097810 -1625.1582821993502 62
1777663111799 -1625.1582821993502 63
1777663126193 -1625.1582821993502 64
1777663140188 -1625.1582821993502 65
1777663154415 -1625.1582821993502 66
1777663168547 -1625.1582821993502 67
1777663182848 -1625.1582821993502 68
1777663196915 -1625.1582821993502 69
1777663211250 -1625.1582821993502 70
1777663225454 -1625.1582821993502 71
1777663239562 -1625.1582821993502 72
1777663253807 -1625.1582821993502 73
1777663268072 -1625.1582821993502 74
1777663282128 -1625.1582821993502 75
1777663296447 -1625.1582821993502 76
1777663310599 -1625.1582821993502 77
1777663324849 -1625.1582821993502 78
1777663339433 -1625.1582821993502 79
1777663353487 -1625.1582821993502 80
1777663368030 -1625.1582821993502 81
1777663382179 -1625.1582821993502 82
1777663396745 -1625.1582821993502 83
1777663411113 -1625.1582821993502 84
1777663425543 -1625.1582821993502 85
1777663440000 -1625.1582821993502 86
1777663454218 -1619.8602447565695 87
1777663469048 -252.21475648350537 88
1777663483580 -252.21475648350537 89
1777663498154 -252.21475648350537 90
1777663513011 -252.21475648350537 91
1777663527947 -227.7934602404556 92
1777663542851 -227.7934602404556 93
1777663557831 -227.7934602404556 94
1777663572543 -227.7934602404556 95
1777663587706 -227.7934602404556 96
1777663602552 -227.7934602404556 97
1777663617503 -227.7934602404556 98
1777663632225 -227.7934602404556 99
1777663646920 -227.7934602404556 100
1777663661473 -227.7934602404556 101
1777663676422 -227.7934602404556 102
1777663690989 -227.7934602404556 103
1777663706017 -227.7934602404556 104
1777663720704 -227.7934602404556 105
1777663735860 -227.7934602404556 106
1777663750780 -227.7934602404556 107
1777663765788 -226.37675378885265 108
1777663780721 -226.37675378885265 109
1777663795478 -226.37675378885265 110
1777663810611 -226.37675378885265 111
1777663825359 -226.37675378885265 112
1777663840423 -226.37675378885265 113
1777663855350 -226.37675378885265 114
1777663870286 -226.37675378885265 115
1777663885064 -226.37675378885265 116
1777663900053 -226.37675378885265 117
1777663914907 -226.37675378885265 118
1777663929809 -226.37675378885265 119
1777663944674 -226.37675378885265 120
1777663959502 -226.37675378885265 121
1777663974922 -226.37675378885265 122
1777663989772 -218.9019056307525 123
1777664005051 -218.9019056307525 124
1777664020160 -218.9019056307525 125
1777664035238 -218.9019056307525 126
1777664050459 -218.9019056307525 127
1777664065543 -218.9019056307525 128
1777664080721 -218.9019056307525 129
1777664095769 -218.9019056307525 130
1777664110767 -218.9019056307525 131
1777664125810 -218.9019056307525 132
1777664140693 -218.9019056307525 133
1777664155486 -218.9019056307525 134
1777664170282 -218.9019056307525 135
1777664185371 -218.9019056307525 136
1777664200226 -218.9019056307525 137
1777664215364 -218.9019056307525 138
1777664230325 -218.9019056307525 139
1777664245093 -218.9019056307525 140
1777664260328 -218.9019056307525 141
1777664275525 -218.9019056307525 142
1777664290505 -218.9019056307525 143
1777664305393 -218.9019056307525 144
1777664320533 -218.9019056307525 145
1777664335212 -218.9019056307525 146
1777664350346 -218.9019056307525 147
1777664365358 -218.9019056307525 148
1777664380246 -218.9019056307525 149
1777664395207 -218.9019056307525 150
1777664410345 -218.9019056307525 151
1777664425226 -218.9019056307525 152
1777664440325 -218.9019056307525 153
1777664455559 -218.9019056307525 154
1777664470369 -218.9019056307525 155
1777664485525 -218.9019056307525 156
1777664500635 -218.9019056307525 157
1777664515749 -218.9019056307525 158
1777664530995 -218.9019056307525 159
1777664545814 -218.9019056307525 160
1777664560875 -218.9019056307525 161
1777664575698 -218.9019056307525 162
1777664590564 -218.9019056307525 163
1777664605416 -218.9019056307525 164
1777664620645 -218.9019056307525 165
1777664635655 -218.9019056307525 166
1777664650485 -218.9019056307525 167
1777664665402 -218.9019056307525 168
1777664680194 -218.9019056307525 169
1777664695338 -218.9019056307525 170
1777664710310 -218.9019056307525 171
1777664725472 -218.9019056307525 172
1777664740376 -218.9019056307525 173
1777664755376 -218.9019056307525 174
1777664770658 -218.9019056307525 175
1777664786117 -218.9019056307525 176
1777664800939 -218.9019056307525 177
1777664816145 -218.9019056307525 178
1777664831131 -218.9019056307525 179
1777664846340 -218.9019056307525 180
1777664861513 -218.9019056307525 181
1777664876691 -218.9019056307525 182
1777664891676 -218.9019056307525 183
1777664906651 -218.9019056307525 184
1777664921734 -218.9019056307525 185
1777664936957 -218.9019056307525 186
1777664952228 -218.9019056307525 187
1777664967507 -218.9019056307525 188
1777664982773 -212.98987578395938 189
1777664997795 -212.98987578395938 190
1777665012841 -212.98987578395938 191
1777665027889 -212.98987578395938 192
1777665043089 -212.98987578395938 193
1777665057994 -212.98987578395938 194
1777665072880 -212.98987578395938 195
1777665087730 -212.98987578395938 196
1777665102332 -212.98987578395938 197
1777665117297 -212.98987578395938 198
1777665132127 -212.98987578395938 199
1777665147398 -212.98987578395938 200
1777665162148 -212.98987578395938 201
1777665177304 -212.98987578395938 202
1777665192626 -212.98987578395938 203
1777665207552 -212.98987578395938 204
1777665222598 -212.98987578395938 205
1777665237857 -212.98987578395938 206
1777665252866 -212.98987578395938 207
1777665267971 -212.98987578395938 208
1777665282849 -212.98987578395938 209
1777665297911 -212.98987578395938 210
1777665312595 -212.98987578395938 211
1777665327870 -212.98987578395938 212
1777665342857 -223.56330039846847 213
1777665357877 -223.56330039846847 214
1777665373041 -223.56330039846847 215
1777665388127 -223.56330039846847 216
1777665402999 -223.56330039846847 217
1777665418390 -223.56330039846847 218
1777665433380 -223.56330039846847 219
1777665448557 -223.56330039846847 220
1777665463851 -223.56330039846847 221
1777665479122 -223.56330039846847 222
1777665494347 -223.56330039846847 223
1777665509182 -223.56330039846847 224
1777665524345 -223.56330039846847 225
1777665539612 -223.56330039846847 226
1777665554423 -223.56330039846847 227
1777665569656 -223.56330039846847 228
1777665584821 -223.56330039846847 229
1777665600150 -223.56330039846847 230
1777665615431 -223.56330039846847 231
1777665630690 -223.56330039846847 232
1777665646026 -223.56330039846847 233
1777665661086 -223.56330039846847 234
1777665676419 -223.56330039846847 235
1777665691507 -223.56330039846847 236
1777665707002 -223.56330039846847 237
1777665722072 -223.56330039846847 238
1777665737460 -223.56330039846847 239
1777665752448 -223.56330039846847 240
1777665767449 -223.56330039846847 241
1777665782692 -223.56330039846847 242
1777665797435 -223.56330039846847 243
1777665812848 -223.56330039846847 244
1777665827872 -223.56330039846847 245
1777665842908 -223.56330039846847 246
1777665858047 -223.56330039846847 247
1777665873290 -223.56330039846847 248
1777665888394 -223.56330039846847 249
1777665903802 -223.56330039846847 250
1777665918888 -223.56330039846847 251
1777665934304 -223.56330039846847 252
1777665949045 -223.56330039846847 253
1777665964370 -223.56330039846847 254
1777665979114 -223.56330039846847 255
1777665994186 -223.56330039846847 256
1777666009314 -223.56330039846847 257
1777666024397 -223.56330039846847 258
1777666039182 -223.56330039846847 259
1777666054364 -223.56330039846847 260
1777666069309 -223.56330039846847 261
1777666084184 -228.80984278308404 262
1777666099238 -228.80984278308404 263
1777666114424 -228.80984278308404 264
1777666129455 -228.80984278308404 265
1777666144800 -228.80984278308404 266
1777666160027 -228.80984278308404 267
1777666175055 -228.80984278308404 268
1777666190007 -228.80984278308404 269
1777666204601 -228.80984278308404 270
1777666219511 -228.80984278308404 271
1777666234740 -228.80984278308404 272
1777666249697 -228.80984278308404 273
1777666264976 -228.80984278308404 274
1777666280061 -228.80984278308404 275
1777666295303 -228.80984278308404 276
1777666310041 -228.80984278308404 277
1777666325135 -228.80984278308404 278
1777666340152 -228.80984278308404 279
1777666355218 -228.80984278308404 280
1777666370423 -228.80984278308404 281
1777666385751 -228.80984278308404 282
1777666400622 -228.80984278308404 283
1777666415835 -228.80984278308404 284
1777666430721 -228.80984278308404 285
1777666445853 -228.80984278308404 286
1777666461127 -228.80984278308404 287
1777666475982 -228.80984278308404 288
1777666490845 -228.80984278308404 289
1777666506311 -228.80984278308404 290
1777666520970 -228.80984278308404 291
1777666535899 -228.80984278308404 292
1777666551077 -228.80984278308404 293
1777666565944 -228.80984278308404 294
1777666580775 -228.80984278308404 295
1777666595867 -228.80984278308404 296
1777666610859 -228.80984278308404 297
1777666625921 -228.80984278308404 298
1777666640894 -228.80984278308404 299
1777666655705 -228.80984278308404 300
1777666670588 -228.80984278308404 301
1777666685767 -228.80984278308404 302
1777666700619 -228.80984278308404 303
1777666715462 -228.80984278308404 304
1777666730338 -228.80984278308404 305
1777666745154 -228.80984278308404 306
1777666760080 -228.80984278308404 307
1777666774944 -228.80984278308404 308
1777666789793 -228.80984278308404 309
1777666804695 -228.80984278308404 310
1777666819428 -228.80984278308404 311
1777666834225 -228.80984278308404 312
1777666849226 -228.80984278308404 313
1777666864191 -228.80984278308404 314
1777666879068 -228.80984278308404 315
1777666893922 -228.80984278308404 316
1777666908955 -228.80984278308404 317
1777666923834 -228.80984278308404 318
1777666938857 -228.80984278308404 319
1777666953787 -228.80984278308404 320
1777666968543 -228.80984278308404 321
1777666983670 -228.80984278308404 322
1777666998681 -253.06938484149094 323
1777667013700 -253.06938484149094 324
1777667028964 -253.06938484149094 325
1777667043829 -253.06938484149094 326
1777667059046 -253.06938484149094 327
1777667073815 -253.06938484149094 328
1777667088791 -253.06938484149094 329
1777667103887 -253.06938484149094 330
1777667118669 -253.06938484149094 331
1777667133513 -253.06938484149094 332
1777667148545 -253.06938484149094 333
1777667163759 -253.06938484149094 334
1777667178787 -253.06938484149094 335
1777667193672 -253.06938484149094 336
1777667208749 -253.06938484149094 337
1777667223395 -253.06938484149094 338
1777667238767 -253.06938484149094 339
1777667253598 -253.06938484149094 340
1777667268549 -253.06938484149094 341
1777667283720 -253.06938484149094 342
1777667298635 -253.06938484149094 343
1777667313778 -253.06938484149094 344
1777667328697 -253.06938484149094 345
1777667343973 -253.06938484149094 346
1777667359340 -253.06938484149094 347
1777667374017 -253.06938484149094 348
1777667389156 -253.06938484149094 349
1777667404396 -253.06938484149094 350
1777667419418 -253.06938484149094 351
1777667434502 -253.06938484149094 352
1777667449596 -253.06938484149094 353
1777667464593 -253.06938484149094 354
1777667479722 -253.06938484149094 355
1777667494716 -253.06938484149094 356
1777667509501 -253.06938484149094 357
1777667524555 -253.06938484149094 358
1777667539712 -253.06938484149094 359
1777667554696 -253.06938484149094 360
1777667569672 -253.06938484149094 361
1777667584522 -253.06938484149094 362
1777667599467 -253.06938484149094 363
1777667614172 -253.06938484149094 364
1777667629263 -253.06938484149094 365
1777667644078 -253.06938484149094 366
1777667658960 -253.06938484149094 367
1777667673799 -253.06938484149094 368
1777667688663 -253.06938484149094 369
1777667703969 -253.06938484149094 370
1777667718744 -253.06938484149094 371
1777667733864 -253.06938484149094 372
1777667748630 -253.06938484149094 373
1777667763543 -253.06938484149094 374
1777667778321 -253.06938484149094 375
1777667792917 -253.06938484149094 376
1777667808147 -253.06938484149094 377
1777667823117 -253.06938484149094 378
1777667838328 -253.06938484149094 379
1777667853377 -253.06938484149094 380
1777667868410 -253.06938484149094 381
1777667883811 -253.06938484149094 382
1777667898488 -253.06938484149094 383
1777667913441 -253.06938484149094 384
1777667928386 -253.06938484149094 385
1777667943264 -253.06938484149094 386
1777667958578 -239.38439582307973 387
1777667973826 -239.38439582307973 388
1777667988677 -239.38439582307973 389
1777668003691 -239.38439582307973 390
1777668018604 -239.38439582307973 391
1777668033711 -239.38439582307973 392
1777668048936 -253.42996495117626 393
1777668064102 -253.42996495117626 394
1777668078976 -253.42996495117626 395
1777668093931 -253.42996495117626 396
1777668108950 -253.42996495117626 397
1777668124130 -253.42996495117626 398
1777668139122 -253.42996495117626 399
1777668154057 -253.42996495117626 400
1777668169150 -253.42996495117626 401
1777668183891 -253.42996495117626 402
1777668198642 -253.42996495117626 403
1777668213796 -253.42996495117626 404
1777668228736 -253.42996495117626 405
1777668243620 -253.42996495117626 406
1777668258760 -253.42996495117626 407
1777668273282 -253.42996495117626 408
1777668288491 -253.42996495117626 409
1777668303338 -253.42996495117626 410
1777668318649 -253.42996495117626 411
1777668333560 -253.42996495117626 412
1777668348601 -253.42996495117626 413
1777668363360 -253.42996495117626 414
1777668378388 -253.42996495117626 415
1777668393245 -253.42996495117626 416
1777668408293 -253.42996495117626 417
1777668423402 -253.42996495117626 418
1777668438274 -253.42996495117626 419
1777668453409 -253.42996495117626 420
1777668468489 -253.42996495117626 421
1777668483648 -253.42996495117626 422
1777668498862 -253.42996495117626 423
1777668513955 -253.42996495117626 424
1777668528759 -253.42996495117626 425
1777668543701 -253.42996495117626 426
1777668558905 -253.42996495117626 427
1777668573420 -253.42996495117626 428
1777668588545 -253.42996495117626 429
1777668603809 -253.42996495117626 430
1777668619037 -253.42996495117626 431
1777668633839 -253.42996495117626 432
1777668648799 -253.42996495117626 433
1777668663570 -253.42996495117626 434
1777668678289 -253.42996495117626 435
1777668692997 -336.66063056393625 436
1777668708037 -336.66063056393625 437
1777668722803 -336.66063056393625 438
1777668737892 -336.66063056393625 439
1777668752944 -336.66063056393625 440
1777668767968 -336.66063056393625 441
1777668782829 -336.66063056393625 442
1777668797927 -336.66063056393625 443
1777668812928 -336.66063056393625 444
1777668827879 -336.66063056393625 445
1777668842772 -336.66063056393625 446
1777668857973 -336.66063056393625 447
1777668873208 -336.66063056393625 448
1777668888304 -336.66063056393625 449
1777668903136 -336.66063056393625 450
1777668918282 -336.66063056393625 451
1777668933505 -336.66063056393625 452
1777668948329 -336.66063056393625 453
1777668963086 -336.66063056393625 454
1777668978089 -336.66063056393625 455
1777668993041 -336.66063056393625 456
1777669007945 -336.66063056393625 457
1777669022621 -336.66063056393625 458
1777669037477 -336.66063056393625 459
1777669052561 -336.66063056393625 460
1777669067608 -336.66063056393625 461
1777669082265 -336.66063056393625 462
1777669097067 -336.66063056393625 463
1777669112084 -336.66063056393625 464
1777669126973 -336.66063056393625 465
1777669141908 -336.66063056393625 466
1777669157100 -336.66063056393625 467
1777669171728 -336.66063056393625 468
1777669186666 -336.66063056393625 469
1777669201613 -336.66063056393625 470
1777669216409 -336.66063056393625 471
1777669231948 -336.66063056393625 472
1777669246709 -336.66063056393625 473
1777669261748 -336.66063056393625 474
1777669277084 -336.66063056393625 475
1777669292054 -336.66063056393625 476
1777669306927 -336.66063056393625 477
1777669322115 -336.66063056393625 478
1777669337184 -336.66063056393625 479
1777669352175 -336.66063056393625 480
1777669367279 -336.66063056393625 481
1777669382164 -336.66063056393625 482
1777669397313 -336.66063056393625 483
1777669412235 -336.66063056393625 484
1777669427195 -336.66063056393625 485
1777669442108 -336.66063056393625 486
1777669456852 -336.66063056393625 487
1777669471974 -336.66063056393625 488
1777669486781 -336.66063056393625 489
1777669501892 -336.66063056393625 490
1777669516896 -336.66063056393625 491
1777669531822 -336.66063056393625 492
1777669546830 -336.66063056393625 493
1777669561787 -336.66063056393625 494
1777669576699 -336.66063056393625 495
1777669591699 -336.66063056393625 496
1777669606426 -336.66063056393625 497
1777669621832 -336.66063056393625 498
1777669636646 -336.66063056393625 499
1777669651746 -336.66063056393625 500
1777669666566 -336.66063056393625 501
1777669681501 -336.66063056393625 502
1777669696380 -245.29849093119788 503
1777669711376 -245.29849093119788 504
1777669726268 -245.29849093119788 505
1777669741397 -245.29849093119788 506
1777669756374 -245.29849093119788 507
1777669771324 -245.29849093119788 508
1777669786000 -245.29849093119788 509
1777669801017 -245.29849093119788 510
1777669815658 -245.29849093119788 511
1777669830441 -245.29849093119788 512
1777669845024 -245.29849093119788 513
1777669860251 -245.29849093119788 514
1777669875044 -245.29849093119788 515
1777669889706 -245.29849093119788 516
1777669904560 -245.29849093119788 517
1777669919509 -245.29849093119788 518
1777669934411 -245.29849093119788 519
1777669949165 -245.29849093119788 520
1777669963902 -245.29849093119788 521
1777669978785 -245.29849093119788 522
1777669993709 -245.29849093119788 523
1777670008732 -245.29849093119788 524
1777670023343 -245.29849093119788 525
1777670038258 -245.29849093119788 526
1777670052987 -245.29849093119788 527
1777670067977 -222.4033356434097 528
1777670083023 -222.4033356434097 529
1777670097982 -222.4033356434097 530
1777670112906 -222.4033356434097 531
1777670127639 -222.4033356434097 532
1777670142451 -222.4033356434097 533
1777670157062 -218.40616521298793 534
1777670171843 -218.40616521298793 535
1777670186916 -218.40616521298793 536
1777670201544 -218.40616521298793 537
1777670216012 -218.40616521298793 538
1777670230645 -218.40616521298793 539
1777670245498 -218.40616521298793 540
1777670260388 -218.40616521298793 541
1777670275174 -218.40616521298793 542
1777670289870 -218.40616521298793 543
1777670304524 -218.40616521298793 544
1777670319220 -218.40616521298793 545
1777670334285 -218.40616521298793 546
1777670349198 -218.40616521298793 547
1777670363845 -218.40616521298793 548
1777670378470 -218.40616521298793 549
1777670393714 -218.9582184245894 550
1777670408583 -218.9582184245894 551
1777670423390 -218.9582184245894 552
1777670438175 -218.9582184245894 553
1777670452771 -218.9582184245894 554
1777670467328 -218.9582184245894 555
1777670481901 -218.9582184245894 556
1777670496905 -218.9582184245894 557
1777670511692 -218.9582184245894 558
1777670526875 -218.9582184245894 559
1777670541857 -218.9582184245894 560
1777670556642 -218.9582184245894 561
1777670571336 -218.9582184245894 562
1777670586103 -231.76793842553525 563
1777670600933 -231.76793842553525 564
1777670615574 -231.76793842553525 565
1777670630235 -231.76793842553525 566
1777670644991 -231.76793842553525 567
1777670659827 -231.76793842553525 568
1777670674763 -231.76793842553525 569
1777670689447 -231.76793842553525 570
1777670704498 -231.76793842553525 571
1777670719380 -231.76793842553525 572
1777670734422 -231.76793842553525 573
1777670749277 -231.76793842553525 574
1777670764325 -231.76793842553525 575
1777670779161 -231.76793842553525 576
1777670794027 -231.76793842553525 577
1777670808942 -231.76793842553525 578
1777670823809 -231.76793842553525 579
1777670838913 -231.76793842553525 580
1777670853801 -231.76793842553525 581
1777670868608 -231.76793842553525 582
1777670883436 -231.76793842553525 583
1777670898561 -231.76793842553525 584
1777670913364 -231.76793842553525 585
1777670928370 -231.76793842553525 586
1777670943315 -231.76793842553525 587
1777670958059 -231.76793842553525 588
1777670973203 -231.76793842553525 589
1777670987875 -231.76793842553525 590
1777671002612 -231.76793842553525 591
1777671017399 -231.76793842553525 592
1777671032163 -231.76793842553525 593
1777671047097 -231.76793842553525 594
1777671062054 -231.76793842553525 595
1777671076895 -231.76793842553525 596
1777671092117 -231.76793842553525 597
1777671107017 -231.76793842553525 598
1777671122044 -231.76793842553525 599
1777671137186 -231.76793842553525 600
1777671151861 -231.76793842553525 601
1777671167000 -231.76793842553525 602
1777671181909 -231.76793842553525 603
1777671196801 -231.76793842553525 604
1777671211697 -231.76793842553525 605
1777671226229 -231.76793842553525 606
1777671240903 -231.76793842553525 607
1777671256124 -231.76793842553525 608
1777671270955 -231.76793842553525 609
1777671285896 -231.76793842553525 610
1777671300829 -231.76793842553525 611
1777671315819 -231.76793842553525 612
1777671330652 -231.76793842553525 613
1777671345751 -231.76793842553525 614
1777671360734 -231.76793842553525 615
1777671375563 -231.76793842553525 616
1777671390542 -231.76793842553525 617
1777671405381 -231.76793842553525 618
1777671420471 -231.76793842553525 619
1777671435781 -231.76793842553525 620
1777671450550 -231.76793842553525 621
1777671465301 -231.76793842553525 622
1777671480029 -231.76793842553525 623
1777671494697 -231.76793842553525 624
1777671509871 -231.76793842553525 625
1777671524447 -231.76793842553525 626
1777671539521 -231.76793842553525 627
1777671554673 -231.76793842553525 628
1777671569586 -231.76793842553525 629
1777671584412 -231.76793842553525 630
1777671599386 -231.76793842553525 631
1777671614097 -230.95297487624597 632
1777671628634 -230.95297487624597 633
1777671643098 -230.95297487624597 634
1777671657647 -230.95297487624597 635
1777671672449 -330.6488866688617 636
1777671687555 -330.6488866688617 637
1777671702574 -330.6488866688617 638
1777671717321 -330.6488866688617 639
1777671732264 -330.6488866688617 640
1777671747226 -330.6488866688617 641
1777671762327 -330.6488866688617 642
1777671777029 -330.6488866688617 643
1777671792114 -330.6488866688617 644
1777671807027 -330.6488866688617 645
1777671822034 -330.6488866688617 646
1777671836944 -330.6488866688617 647
1777671851863 -330.6488866688617 648
1777671866988 -330.6488866688617 649
1777671882098 -330.6488866688617 650
1777671896857 -330.6488866688617 651
1777671911926 -330.6488866688617 652
1777671926649 -330.6488866688617 653
1777671941784 -330.6488866688617 654
1777671956529 -330.6488866688617 655
1777671971242 -330.6488866688617 656
1777671985863 -330.6488866688617 657
1777672000693 -330.6488866688617 658
1777672015417 -330.6488866688617 659
1777672030618 -330.6488866688617 660
1777672045558 -330.6488866688617 661
1777672060492 -330.6488866688617 662
1777672075181 -330.6488866688617 663
1777672089828 -330.6488866688617 664
1777672104561 -330.6488866688617 665
1777672119117 -330.6488866688617 666
1777672134143 -330.6488866688617 667
1777672149249 -330.6488866688617 668
1777672164132 -330.6488866688617 669
1777672178953 -330.6488866688617 670
1777672193687 -330.6488866688617 671
1777672209155 -330.6488866688617 672
1777672223733 -330.6488866688617 673
1777672238770 -330.6488866688617 674
1777672253550 -330.6488866688617 675
1777672268593 -330.6488866688617 676
1777672283221 -330.6488866688617 677
1777672298387 -330.6488866688617 678
1777672313176 -330.6488866688617 679
1777672328040 -330.6488866688617 680
1777672342833 -330.6488866688617 681
1777672357790 -330.6488866688617 682
1777672372511 -330.6488866688617 683
1777672387523 -330.6488866688617 684
1777672402448 -330.6488866688617 685
1777672416953 -330.6488866688617 686
1777672431606 -330.6488866688617 687
1777672446493 -330.6488866688617 688
1777672461423 -330.6488866688617 689
1777672476324 -330.6488866688617 690
1777672491351 -330.6488866688617 691
1777672506166 -330.6488866688617 692
1777672520834 -330.6488866688617 693
1777672535514 -330.6488866688617 694
1777672550017 -330.6488866688617 695
1777672564948 -330.6488866688617 696
1777672579313 -330.6488866688617 697
1777672594215 -330.6488866688617 698
1777672609125 -330.6488866688617 699
1777672624111 -330.6488866688617 700
1777672639295 -330.6488866688617 701
1777672654186 -330.6488866688617 702
1777672669346 -330.6488866688617 703
1777672684297 -330.6488866688617 704
1777672699515 -330.6488866688617 705
1777672714359 -330.6488866688617 706
1777672729263 -330.6488866688617 707
1777672744224 -330.6488866688617 708
1777672759238 -330.6488866688617 709
1777672774263 -237.6309871769706 710
1777672788894 -237.6309871769706 711
1777672804073 -237.6309871769706 712
1777672819013 -237.6309871769706 713
1777672833995 -237.6309871769706 714
1777672849075 -237.6309871769706 715
1777672863942 -237.6309871769706 716
1777672879020 -237.6309871769706 717
1777672893868 -237.6309871769706 718
1777672908784 -237.6309871769706 719
1777672923708 -237.6309871769706 720
1777672938760 -237.6309871769706 721
1777672953549 -237.6309871769706 722
1777672968455 -237.6309871769706 723
1777672983248 -237.6309871769706 724
1777672998713 -237.6309871769706 725
1777673013729 -237.6309871769706 726
1777673028868 -237.6309871769706 727
1777673043502 -237.6309871769706 728
1777673058611 -237.6309871769706 729
1777673073501 -237.6309871769706 730
1777673088470 -237.6309871769706 731
1777673103461 -237.6309871769706 732
1777673118298 -237.6309871769706 733
1777673133147 -237.6309871769706 734
1777673147856 -237.6309871769706 735
1777673162643 -237.6309871769706 736
1777673177608 -237.6309871769706 737
1777673192266 -237.6309871769706 738
1777673206794 -237.6309871769706 739
1777673221715 -237.6309871769706 740
1777673236671 -237.6309871769706 741
1777673251263 -237.6309871769706 742
1777673266190 -237.6309871769706 743
1777673281132 -237.6309871769706 744
1777673295917 -221.77010771219165 745
1777673310868 -221.77010771219165 746
1777673325639 -224.57241138685507 747
1777673340195 -224.57241138685507 748
1777673354901 -224.57241138685507 749
1777673370214 -224.57241138685507 750
1777673384858 -224.57241138685507 751
1777673399683 -224.57241138685507 752
1777673414542 -224.57241138685507 753
1777673429183 -224.57241138685507 754
1777673444061 -224.57241138685507 755
1777673458678 -224.57241138685507 756
1777673473627 -224.57241138685507 757
1777673488125 -224.57241138685507 758
1777673503168 -224.57241138685507 759
1777673517765 -224.57241138685507 760
1777673532698 -224.57241138685507 761
1777673547451 -224.57241138685507 762
1777673562177 -224.57241138685507 763
1777673577114 -252.92815805665782 764
1777673592052 -252.92815805665782 765
1777673606880 -252.92815805665782 766
1777673621573 -252.92815805665782 767
1777673636353 -252.92815805665782 768
1777673651024 -252.92815805665782 769
1777673665862 -252.92815805665782 770
1777673680756 -252.92815805665782 771
1777673695683 -252.92815805665782 772
1777673710579 -252.92815805665782 773
1777673725153 -252.92815805665782 774
1777673739890 -252.92815805665782 775
1777673754784 -252.92815805665782 776
1777673769580 -252.92815805665782 777
1777673784677 -252.92815805665782 778
1777673799550 -252.92815805665782 779
1777673814183 -252.92815805665782 780
1777673828970 -252.92815805665782 781
1777673843871 -252.92815805665782 782
1777673858823 -252.92815805665782 783
1777673873702 -252.92815805665782 784
1777673888506 -252.92815805665782 785
1777673903141 -252.92815805665782 786
1777673917863 -252.92815805665782 787
1777673932621 -252.92815805665782 788
1777673947677 -252.92815805665782 789
1777673962478 -252.92815805665782 790
1777673977105 -252.92815805665782 791
1777673991754 -252.92815805665782 792
1777674006214 -252.92815805665782 793
1777674020605 -252.92815805665782 794
1777674035229 -401.7945467960636 795
1777674049857 -401.7945467960636 796
1777674064632 -401.7945467960636 797
1777674079593 -401.7945467960636 798
1777674094240 -401.7945467960636 799
1777674108901 -401.7945467960636 800
1777674123597 -401.7945467960636 801
1777674138352 -401.7945467960636 802
1777674153252 -401.7945467960636 803
1777674168294 -401.7945467960636 804
1777674183225 -401.7945467960636 805
1777674198020 -401.7945467960636 806
1777674213129 -401.7945467960636 807
1777674228114 -401.7945467960636 808
1777674242627 -401.7945467960636 809
1777674257551 -401.7945467960636 810
1777674272250 -401.7945467960636 811
1777674286904 -401.7945467960636 812
1777674301618 -401.7945467960636 813
1777674316641 -401.7945467960636 814
1777674331450 -401.7945467960636 815
1777674346402 -401.7945467960636 816
1777674361387 -401.7945467960636 817
1777674376493 -401.7945467960636 818
1777674391052 -401.7945467960636 819
1777674406043 -401.7945467960636 820
1777674420889 -401.7945467960636 821
1777674435766 -401.7945467960636 822
1777674450641 -401.7945467960636 823
1777674465509 -401.7945467960636 824
1777674480332 -401.7945467960636 825
1777674495126 -401.7945467960636 826
1777674509643 -401.7945467960636 827
1777674524152 -401.7945467960636 828
1777674539383 -401.7945467960636 829
1777674553956 -401.7945467960636 830
1777674568554 -401.7945467960636 831
1777674583411 -401.7945467960636 832
1777674598230 -401.7945467960636 833
1777674613000 -401.7945467960636 834
1777674627836 -401.7945467960636 835
1777674642650 -401.7945467960636 836
1777674657603 -401.7945467960636 837
1777674672548 -401.7945467960636 838
1777674687355 -401.7945467960636 839
1777674702260 -401.7945467960636 840
1777674717060 -401.7945467960636 841
1777674731966 -401.7945467960636 842
1777674746951 -401.7945467960636 843
1777674761528 -401.7945467960636 844
1777674776450 -401.7945467960636 845
1777674791492 -401.7945467960636 846
1777674806252 -401.7945467960636 847
1777674820797 -401.7945467960636 848
1777674835619 -401.7945467960636 849
1777674850394 -401.7945467960636 850
1777674865079 -401.7945467960636 851
1777674880119 -401.7945467960636 852
1777674894485 -401.7945467960636 853
1777674909155 -401.7945467960636 854
1777674923761 -401.7945467960636 855
1777674938508 -401.7945467960636 856
1777674953608 -401.7945467960636 857
1777674968545 -401.7945467960636 858
1777674983308 -401.7945467960636 859
1777674998041 -401.7945467960636 860
1777675013321 -401.7945467960636 861
1777675028098 -401.7945467960636 862
1777675043046 -401.7945467960636 863
1777675057630 -401.7945467960636 864
1777675072417 -401.7945467960636 865
1777675087296 -266.5993652414522 866
1777675102124 -266.5993652414522 867
1777675116822 -266.5993652414522 868
1777675131682 -266.5993652414522 869
1777675146611 -266.5993652414522 870
1777675161491 -266.5993652414522 871
1777675176402 -231.8045728789109 872
1777675191299 -231.8045728789109 873
1777675206367 -231.8045728789109 874
1777675221336 -231.8045728789109 875
1777675236024 -231.8045728789109 876
1777675250954 -231.8045728789109 877
1777675265973 -231.8045728789109 878
1777675281016 -231.8045728789109 879
1777675295743 -231.8045728789109 880
1777675310972 -231.8045728789109 881
1777675326036 -231.8045728789109 882
1777675340833 -231.8045728789109 883
1777675355656 -231.8045728789109 884
1777675370795 -231.8045728789109 885
1777675385626 -231.8045728789109 886
1777675400740 -231.8045728789109 887
1777675415457 -231.8045728789109 888
1777675430293 -231.8045728789109 889
1777675445151 -231.8045728789109 890
1777675460250 -231.8045728789109 891
1777675474932 -231.8045728789109 892
1777675489620 -231.8045728789109 893
1777675504558 -209.97482120306512 894
1777675519457 -209.97482120306512 895
1777675534213 -209.97482120306512 896
1777675548870 -209.97482120306512 897
1777675563892 -209.97482120306512 898
1777675578516 -209.97482120306512 899
1777675593256 -209.97482120306512 900
1777675608088 -209.97482120306512 901
1777675623133 -209.97482120306512 902
1777675638014 -209.97482120306512 903
1777675653109 -213.87113015042326 904
1777675667657 -213.87113015042326 905
1777675682428 -213.87113015042326 906
1777675697258 -213.87113015042326 907
1777675712270 -213.87113015042326 908
1777675726832 -213.87113015042326 909
1777675741594 -213.87113015042326 910
1777675756542 -213.87113015042326 911
1777675771124 -213.87113015042326 912
1777675785667 -213.87113015042326 913
1777675800984 -225.47326700310566 914
1777675815563 -225.47326700310566 915
1777675830504 -225.47326700310566 916
1777675845084 -225.47326700310566 917
1777675859862 -225.47326700310566 918
1777675874697 -225.47326700310566 919
1777675889616 -225.47326700310566 920
1777675904412 -225.47326700310566 921
1777675919129 -225.47326700310566 922
1777675934010 -225.47326700310566 923
1777675948938 -225.47326700310566 924
1777675963905 -225.47326700310566 925
1777675978829 -225.47326700310566 926
1777675993738 -225.47326700310566 927
1777676008642 -225.47326700310566 928
1777676023460 -225.47326700310566 929
1777676038422 -225.47326700310566 930
1777676053323 -225.47326700310566 931
1777676068082 -225.47326700310566 932
1777676082742 -225.47326700310566 933
1777676097936 -225.47326700310566 934
1777676112565 -225.47326700310566 935
1777676127483 -225.47326700310566 936
1777676142220 -225.47326700310566 937
1777676156986 -225.47326700310566 938
1777676172154 -225.47326700310566 939
1777676187012 -225.47326700310566 940
1777676201994 -225.47326700310566 941
1777676216927 -225.47326700310566 942
1777676231605 -225.47326700310566 943
1777676246387 -225.47326700310566 944
1777676261412 -225.47326700310566 945
1777676276206 -225.47326700310566 946
1777676290855 -225.47326700310566 947
1777676305824 -225.47326700310566 948
1777676320712 -225.47326700310566 949
1777676335701 -225.47326700310566 950
1777676350323 -225.47326700310566 951
1777676365265 -225.47326700310566 952
1777676380190 -225.47326700310566 953
1777676395073 -225.47326700310566 954
1777676410093 -225.47326700310566 955
1777676424865 -225.47326700310566 956
1777676439600 -225.47326700310566 957
1777676454310 -225.47326700310566 958
1777676469730 -225.47326700310566 959
1777676484464 -225.47326700310566 960
1777676499350 -225.47326700310566 961
1777676513938 -225.47326700310566 962
1777676529053 -225.47326700310566 963
1777676543616 -225.47326700310566 964
1777676558377 -225.47326700310566 965
1777676572980 -225.47326700310566 966
1777676588148 -225.47326700310566 967
1777676603049 -225.47326700310566 968
1777676617776 -225.47326700310566 969
1777676632638 -225.47326700310566 970
1777676648002 -225.47326700310566 971
1777676662678 -225.47326700310566 972
1777676677514 -225.47326700310566 973
1777676692390 -225.47326700310566 974
1777676707189 -225.47326700310566 975
1777676721982 -225.47326700310566 976
1777676736682 -225.47326700310566 977
1777676751222 -225.47326700310566 978
1777676766332 -225.47326700310566 979
1777676781135 -225.47326700310566 980
1777676796095 -225.47326700310566 981
1777676810787 -225.47326700310566 982
1777676825472 -225.47326700310566 983
1777676839972 -225.47326700310566 984
1777676854883 -225.47326700310566 985
1777676869464 -225.47326700310566 986
1777676884297 -223.89729844561487 987
1777676899114 -223.89729844561487 988
1777676913595 -223.89729844561487 989
1777676928209 -223.89729844561487 990
1777676943326 -223.89729844561487 991
1777676958204 -223.89729844561487 992
1777676972940 -223.89729844561487 993
1777676987793 -223.89729844561487 994
1777677002389 -223.89729844561487 995
1777677017056 -223.89729844561487 996
1777677032005 -223.89729844561487 997
1777677046618 -223.89729844561487 998
1777677061204 -223.89729844561487 999
