1777662259600 nan 0
1777662271789 nan 1
1777662284607 nan 2
1777662297711 nan 3
1777662310633 nan 4
1777662323313 nan 5
1777662335904 nan 6
1777662348528 nan 7
1777662361326 nan 8
1777662374194 1000.0 9
1777662387076 1000.0 10
1777662400740 1000.0 11
1777662414463 1000.0 12
1777662428377 1000.0 13
1777662442302 1000.0 14
1777662456061 1000.0 15
1777662469817 1000.0 16
1777662483190 1000.0 17
1777662496081 1000.0 18
1777662508980 1000.0 19
1777662521860 1000.0 20
1777662534718 1000.0 21
1777662547847 1000.0 22
1777662560800 1000.0 23
1777662573629 822.6666666666666 24
1777662586560 636.75 25
1777662599396 524.8 26
1777662612435 452.6666666666667 27
1777662625578 361.75 28
1777662638509 331.55555555555554 29
1777662651825 309.5 30
1777662665228 309.5 31
1777662678754 296.1818181818182 32
1777662692377 281.0 33
1777662706063 267.61538461538464 34
1777662719805 254.21428571428572 35
1777662733700 241.6 36
1777662747562 221.94117647058823 37
1777662761364 212.55555555555554 38
1777662775369 198.55 39
1777662789273 194.1904761904762 40
1777662803234 181.1304347826087 41
1777662817328 170.92 42
1777662831330 162.40740740740742 43
1777662845070 158.64285714285714 44
1777662859052 151.53333333333333 45
1777662872994 146.53125 46
1777662886725 144.63636363636363 47
1777662900643 139.62857142857143 48
1777662914678 135.1081081081081 49
1777662928586 132.97368421052633 50
1777662942863 128.775 51
1777662956706 126.92682926829268 52
1777662970894 124.4186046511628 53
1777662985103 119.54347826086956 54
1777662999306 116.45833333333333 55
1777663013582 113.7 56
1777663027710 112.41176470588235 57
1777663041687 110.9622641509434 58
1777663055629 109.0 59
1777663069333 108.33928571428571 60
1777663083761 105.05084745762711 61
1777663097810 104.28333333333333 62
1777663111799 102.70967741935483 63
1777663126193 99.8923076923077 64
1777663140188 99.75757575757575 65
1777663154415 99.19402985074628 66
1777663168547 98.2463768115942 67
1777663182848 96.83098591549296 68
1777663196915 96.22222222222223 69
1777663211250 95.29729729729729 70
1777663225454 94.27631578947368 71
1777663239562 93.3076923076923 72
1777663253807 92.63291139240506 73
1777663268072 92.22222222222223 74
1777663282128 91.6219512195122 75
1777663296447 90.98809523809524 76
1777663310599 90.63529411764706 77
1777663324849 90.83720930232558 78
1777663339433 89.84269662921348 79
1777663353487 89.5111111111111 80
1777663368030 88.96739130434783 81
1777663382179 88.6236559139785 82
1777663396745 87.93684210526315 83
1777663411113 87.56701030927834 84
1777663425543 87.31632653061224 85
1777663440000 86.73 86
1777663454218 77.67 87
1777663469048 63.42 88
1777663483580 62.67 89
1777663498154 62.51 90
1777663513011 61.86 91
1777663527947 60.23 92
1777663542851 58.94 93
1777663557831 58.69 94
1777663572543 58.8 95
1777663587706 58.61 96
1777663602552 58.22 97
1777663617503 58.04 98
1777663632225 58.26 99
1777663646920 58.77 100
1777663661473 59.09 101
1777663676422 59.37 102
1777663690989 59.37 103
1777663706017 60.23 104
1777663720704 60.52 105
1777663735860 60.77 106
1777663750780 60.8 107
1777663765788 60.59 108
1777663780721 60.81 109
1777663795478 60.96 110
1777663810611 61.19 111
1777663825359 61.55 112
1777663840423 61.89 113
1777663855350 61.69 114
1777663870286 61.91 115
1777663885064 62.59 116
1777663900053 63.05 117
1777663914907 63.61 118
1777663929809 64.04 119
1777663944674 64.66 120
1777663959502 64.86 121
1777663974922 65.27 122
1777663989772 65.17 123
1777664005051 65.41 124
1777664020160 65.25 125
1777664035238 65.24 126
1777664050459 65.37 127
1777664065543 64.96 128
1777664080721 65.54 129
1777664095769 65.93 130
1777664110767 66.07 131
1777664125810 65.98 132
1777664140693 66.2 133
1777664155486 66.47 134
1777664170282 67.05 135
1777664185371 67.61 136
1777664200226 67.61 137
1777664215364 68.29 138
1777664230325 68.76 139
1777664245093 68.61 140
1777664260328 68.58 141
1777664275525 68.12 142
1777664290505 67.95 143
1777664305393 68.2 144
1777664320533 67.69 145
1777664335212 67.9 146
1777664350346 67.97 147
1777664365358 67.93 148
1777664380246 68.05 149
1777664395207 68.06 150
1777664410345 68.22 151
1777664425226 68.3 152
1777664440325 68.65 153
1777664455559 68.56 154
1777664470369 68.56 155
1777664485525 69.19 156
1777664500635 69.32 157
1777664515749 69.62 158
1777664530995 70.05 159
1777664545814 70.09 160
1777664560875 70.21 161
1777664575698 70.59 162
1777664590564 70.89 163
1777664605416 71.05 164
1777664620645 71.23 165
1777664635655 71.07 166
1777664650485 71.07 167
1777664665402 72.37 168
1777664680194 72.2 169
1777664695338 73.0 170
1777664710310 72.79 171
1777664725472 72.47 172
1777664740376 73.0 173
1777664755376 72.86 174
1777664770658 71.58 175
1777664786117 70.82 176
1777664800939 70.81 177
1777664816145 70.45 178
1777664831131 70.32 179
1777664846340 70.39 180
1777664861513 70.03 181
1777664876691 69.88 182
1777664891676 69.86 183
1777664906651 70.2 184
1777664921734 70.11 185
1777664936957 69.09 186
1777664952228 68.12 187
1777664967507 67.49 188
1777664982773 67.34 189
1777664997795 66.97 190
1777665012841 67.11 191
1777665027889 67.67 192
1777665043089 67.62 193
1777665057994 68.02 194
1777665072880 68.32 195
1777665087730 69.18 196
1777665102332 69.18 197
1777665117297 70.65 198
1777665132127 70.65 199
1777665147398 71.55 200
1777665162148 71.74 201
1777665177304 70.88 202
1777665192626 69.98 203
1777665207552 69.86 204
1777665222598 69.59 205
1777665237857 68.65 206
1777665252866 67.93 207
1777665267971 68.61 208
1777665282849 68.72 209
1777665297911 69.78 210
1777665312595 69.78 211
1777665327870 70.41 212
1777665342857 71.01 213
1777665357877 70.82 214
1777665373041 71.06 215
1777665388127 71.6 216
1777665402999 71.89 217
1777665418390 71.57 218
1777665433380 71.7 219
1777665448557 71.96 220
1777665463851 71.92 221
1777665479122 72.13 222
1777665494347 72.09 223
1777665509182 72.27 224
1777665524345 71.94 225
1777665539612 72.38 226
1777665554423 72.38 227
1777665569656 71.74 228
1777665584821 71.98 229
1777665600150 71.1 230
1777665615431 70.67 231
1777665630690 70.54 232
1777665646026 69.95 233
1777665661086 69.86 234
1777665676419 69.89 235
1777665691507 69.66 236
1777665707002 67.8 237
1777665722072 67.83 238
1777665737460 67.82 239
1777665752448 67.61 240
1777665767449 67.26 241
1777665782692 67.32 242
1777665797435 67.23 243
1777665812848 67.77 244
1777665827872 67.77 245
1777665842908 67.88 246
1777665858047 68.25 247
1777665873290 67.88 248
1777665888394 68.25 249
1777665903802 68.39 250
1777665918888 68.26 251
1777665934304 67.62 252
1777665949045 67.84 253
1777665964370 68.1 254
1777665979114 68.32 255
1777665994186 68.2 256
1777666009314 68.6 257
1777666024397 68.49 258
1777666039182 68.84 259
1777666054364 68.51 260
1777666069309 68.6 261
1777666084184 69.04 262
1777666099238 68.62 263
1777666114424 66.57 264
1777666129455 66.52 265
1777666144800 65.66 266
1777666160027 65.25 267
1777666175055 65.44 268
1777666190007 66.15 269
1777666204601 66.15 270
1777666219511 67.43 271
1777666234740 67.91 272
1777666249697 68.15 273
1777666264976 68.29 274
1777666280061 68.68 275
1777666295303 67.99 276
1777666310041 67.98 277
1777666325135 67.35 278
1777666340152 66.87 279
1777666355218 66.51 280
1777666370423 66.9 281
1777666385751 65.91 282
1777666400622 65.67 283
1777666415835 65.27 284
1777666430721 65.02 285
1777666445853 64.79 286
1777666461127 64.29 287
1777666475982 64.6 288
1777666490845 64.53 289
1777666506311 64.54 290
1777666520970 64.59 291
1777666535899 64.42 292
1777666551077 64.52 293
1777666565944 64.49 294
1777666580775 65.43 295
1777666595867 65.44 296
1777666610859 65.8 297
1777666625921 65.68 298
1777666640894 66.01 299
1777666655705 66.16 300
1777666670588 66.32 301
1777666685767 66.52 302
1777666700619 66.46 303
1777666715462 66.8 304
1777666730338 67.3 305
1777666745154 67.65 306
1777666760080 68.55 307
1777666774944 68.28 308
1777666789793 68.47 309
1777666804695 68.56 310
1777666819428 68.89 311
1777666834225 69.14 312
1777666849226 69.76 313
1777666864191 69.7 314
1777666879068 69.63 315
1777666893922 70.17 316
1777666908955 70.18 317
1777666923834 70.5 318
1777666938857 70.55 319
1777666953787 70.6 320
1777666968543 70.58 321
1777666983670 70.65 322
1777666998681 70.97 323
1777667013700 70.36 324
1777667028964 70.03 325
1777667043829 70.03 326
1777667059046 70.55 327
1777667073815 70.98 328
1777667088791 71.17 329
1777667103887 70.84 330
1777667118669 70.73 331
1777667133513 70.79 332
1777667148545 70.78 333
1777667163759 70.6 334
1777667178787 70.25 335
1777667193672 70.35 336
1777667208749 70.5 337
1777667223395 70.54 338
1777667238767 70.48 339
1777667253598 69.52 340
1777667268549 68.66 341
1777667283720 69.11 342
1777667298635 69.1 343
1777667313778 68.56 344
1777667328697 68.78 345
1777667343973 68.54 346
1777667359340 68.17 347
1777667374017 68.38 348
1777667389156 67.85 349
1777667404396 67.68 350
1777667419418 67.52 351
1777667434502 67.89 352
1777667449596 67.62 353
1777667464593 67.64 354
1777667479722 67.82 355
1777667494716 67.14 356
1777667509501 67.23 357
1777667524555 67.38 358
1777667539712 66.83 359
1777667554696 66.84 360
1777667569672 67.2 361
1777667584522 67.2 362
1777667599467 67.66 363
1777667614172 67.77 364
1777667629263 67.81 365
1777667644078 67.67 366
1777667658960 68.26 367
1777667673799 68.69 368
1777667688663 69.04 369
1777667703969 68.54 370
1777667718744 69.03 371
1777667733864 69.18 372
1777667748630 68.79 373
1777667763543 68.27 374
1777667778321 67.45 375
1777667792917 67.89 376
1777667808147 67.46 377
1777667823117 66.8 378
1777667838328 65.99 379
1777667853377 65.9 380
1777667868410 65.23 381
1777667883811 64.32 382
1777667898488 64.35 383
1777667913441 64.11 384
1777667928386 64.29 385
1777667943264 64.22 386
1777667958578 63.76 387
1777667973826 63.58 388
1777667988677 63.64 389
1777668003691 63.85 390
1777668018604 63.77 391
1777668033711 62.48 392
1777668048936 62.92 393
1777668064102 62.49 394
1777668078976 61.96 395
1777668093931 62.66 396
1777668108950 62.77 397
1777668124130 63.55 398
1777668139122 63.91 399
1777668154057 63.86 400
1777668169150 64.41 401
1777668183891 65.0 402
1777668198642 65.4 403
1777668213796 65.36 404
1777668228736 65.59 405
1777668243620 65.59 406
1777668258760 65.69 407
1777668273282 65.33 408
1777668288491 65.44 409
1777668303338 65.49 410
1777668318649 65.9 411
1777668333560 66.08 412
1777668348601 66.17 413
1777668363360 66.68 414
1777668378388 66.43 415
1777668393245 66.99 416
1777668408293 67.46 417
1777668423402 67.28 418
1777668438274 67.35 419
1777668453409 67.25 420
1777668468489 67.43 421
1777668483648 67.05 422
1777668498862 67.13 423
1777668513955 66.64 424
1777668528759 66.37 425
1777668543701 66.67 426
1777668558905 66.23 427
1777668573420 66.23 428
1777668588545 66.26 429
1777668603809 65.56 430
1777668619037 65.79 431
1777668633839 65.54 432
1777668648799 64.95 433
1777668663570 64.83 434
1777668678289 64.83 435
1777668692997 66.31 436
1777668708037 66.11 437
1777668722803 65.98 438
1777668737892 66.68 439
1777668752944 66.48 440
1777668767968 66.78 441
1777668782829 66.37 442
1777668797927 66.11 443
1777668812928 66.19 444
1777668827879 66.55 445
1777668842772 66.44 446
1777668857973 66.32 447
1777668873208 66.29 448
1777668888304 66.18 449
1777668903136 66.39 450
1777668918282 65.83 451
1777668933505 66.1 452
1777668948329 66.23 453
1777668963086 66.58 454
1777668978089 67.3 455
1777668993041 67.97 456
1777669007945 68.3 457
1777669022621 67.97 458
1777669037477 68.47 459
1777669052561 68.34 460
1777669067608 68.8 461
1777669082265 68.67 462
1777669097067 68.89 463
1777669112084 69.1 464
1777669126973 68.84 465
1777669141908 67.83 466
1777669157100 67.85 467
1777669171728 67.89 468
1777669186666 67.32 469
1777669201613 66.9 470
1777669216409 66.71 471
1777669231948 66.65 472
1777669246709 66.35 473
1777669261748 66.66 474
1777669277084 66.42 475
1777669292054 65.73 476
1777669306927 65.16 477
1777669322115 65.55 478
1777669337184 65.23 479
1777669352175 65.64 480
1777669367279 65.29 481
1777669382164 65.45 482
1777669397313 65.52 483
1777669412235 65.71 484
1777669427195 65.83 485
1777669442108 66.06 486
1777669456852 66.66 487
1777669471974 66.81 488
1777669486781 66.93 489
1777669501892 66.93 490
1777669516896 67.17 491
1777669531822 67.17 492
1777669546830 67.44 493
1777669561787 67.43 494
1777669576699 67.75 495
1777669591699 67.3 496
1777669606426 67.39 497
1777669621832 68.05 498
1777669636646 67.95 499
1777669651746 68.17 500
1777669666566 68.1 501
1777669681501 68.06 502
1777669696380 66.92 503
1777669711376 66.79 504
1777669726268 67.45 505
1777669741397 67.11 506
1777669756374 67.19 507
1777669771324 66.98 508
1777669786000 67.42 509
1777669801017 67.7 510
1777669815658 68.09 511
1777669830441 68.1 512
1777669845024 68.5 513
1777669860251 68.92 514
1777669875044 69.31 515
1777669889706 69.64 516
1777669904560 70.12 517
1777669919509 70.2 518
1777669934411 70.5 519
1777669949165 70.91 520
1777669963902 70.71 521
1777669978785 71.22 522
1777669993709 71.61 523
1777670008732 71.89 524
1777670023343 72.09 525
1777670038258 72.15 526
1777670052987 71.99 527
1777670067977 71.06 528
1777670083023 70.65 529
1777670097982 70.54 530
1777670112906 70.62 531
1777670127639 70.57 532
1777670142451 70.52 533
1777670157062 70.29 534
1777670171843 70.8 535
1777670186916 71.07 536
1777670201544 71.58 537
1777670216012 71.58 538
1777670230645 72.71 539
1777670245498 72.86 540
1777670260388 72.83 541
1777670275174 72.94 542
1777670289870 72.98 543
1777670304524 72.8 544
1777670319220 73.03 545
1777670334285 72.66 546
1777670349198 72.73 547
1777670363845 73.0 548
1777670378470 73.46 549
1777670393714 74.09 550
1777670408583 74.76 551
1777670423390 75.0 552
1777670438175 74.74 553
1777670452771 75.13 554
1777670467328 75.13 555
1777670481901 75.49 556
1777670496905 75.84 557
1777670511692 75.51 558
1777670526875 75.45 559
1777670541857 75.56 560
1777670556642 75.68 561
1777670571336 75.76 562
1777670586103 76.16 563
1777670600933 76.29 564
1777670615574 76.42 565
1777670630235 76.7 566
1777670644991 76.91 567
1777670659827 76.86 568
1777670674763 76.81 569
1777670689447 77.11 570
1777670704498 77.04 571
1777670719380 77.01 572
1777670734422 76.59 573
1777670749277 75.97 574
1777670764325 75.53 575
1777670779161 75.27 576
1777670794027 74.78 577
1777670808942 74.69 578
1777670823809 74.61 579
1777670838913 74.29 580
1777670853801 74.68 581
1777670868608 75.02 582
1777670883436 75.4 583
1777670898561 75.03 584
1777670913364 74.69 585
1777670928370 74.34 586
1777670943315 73.52 587
1777670958059 73.71 588
1777670973203 73.42 589
1777670987875 73.14 590
1777671002612 73.34 591
1777671017399 73.74 592
1777671032163 74.05 593
1777671047097 74.08 594
1777671062054 74.24 595
1777671076895 74.33 596
1777671092117 73.58 597
1777671107017 73.78 598
1777671122044 73.24 599
1777671137186 72.46 600
1777671151861 72.63 601
1777671167000 73.16 602
1777671181909 72.94 603
1777671196801 73.22 604
1777671211697 73.0 605
1777671226229 73.08 606
1777671240903 73.61 607
1777671256124 73.5 608
1777671270955 73.61 609
1777671285896 73.02 610
1777671300829 71.56 611
1777671315819 71.06 612
1777671330652 70.7 613
1777671345751 70.42 614
1777671360734 69.72 615
1777671375563 70.2 616
1777671390542 70.22 617
1777671405381 70.09 618
1777671420471 69.5 619
1777671435781 68.86 620
1777671450550 68.66 621
1777671465301 68.7 622
1777671480029 69.73 623
1777671494697 69.43 624
1777671509871 68.6 625
1777671524447 69.12 626
1777671539521 68.57 627
1777671554673 69.04 628
1777671569586 68.66 629
1777671584412 69.13 630
1777671599386 69.33 631
1777671614097 68.64 632
1777671628634 68.64 633
1777671643098 68.64 634
1777671657647 68.64 635
1777671672449 71.99 636
1777671687555 71.57 637
1777671702574 71.49 638
1777671717321 71.57 639
1777671732264 72.07 640
1777671747226 72.53 641
1777671762327 72.2 642
1777671777029 72.12 643
1777671792114 72.16 644
1777671807027 72.16 645
1777671822034 72.78 646
1777671836944 72.96 647
1777671851863 73.21 648
1777671866988 73.44 649
1777671882098 73.84 650
1777671896857 74.33 651
1777671911926 74.14 652
1777671926649 74.52 653
1777671941784 73.77 654
1777671956529 73.16 655
1777671971242 73.48 656
1777671985863 73.37 657
1777672000693 73.44 658
1777672015417 73.61 659
1777672030618 73.91 660
1777672045558 74.07 661
1777672060492 73.63 662
1777672075181 73.84 663
1777672089828 74.46 664
1777672104561 74.75 665
1777672119117 74.75 666
1777672134143 74.02 667
1777672149249 73.71 668
1777672164132 72.97 669
1777672178953 73.18 670
1777672193687 73.4 671
1777672209155 73.26 672
1777672223733 73.26 673
1777672238770 74.17 674
1777672253550 74.33 675
1777672268593 73.82 676
1777672283221 74.28 677
1777672298387 73.8 678
1777672313176 73.83 679
1777672328040 73.25 680
1777672342833 73.05 681
1777672357790 72.73 682
1777672372511 72.85 683
1777672387523 72.9 684
1777672402448 73.05 685
1777672416953 73.65 686
1777672431606 73.95 687
1777672446493 74.36 688
1777672461423 74.85 689
1777672476324 74.9 690
1777672491351 75.15 691
1777672506166 75.01 692
1777672520834 75.01 693
1777672535514 76.4 694
1777672550017 76.4 695
1777672564948 77.78 696
1777672579313 77.78 697
1777672594215 78.6 698
1777672609125 78.8 699
1777672624111 78.85 700
1777672639295 79.3 701
1777672654186 78.54 702
1777672669346 77.88 703
1777672684297 77.54 704
1777672699515 77.49 705
1777672714359 77.78 706
1777672729263 77.21 707
1777672744224 76.9 708
1777672759238 76.74 709
1777672774263 73.62 710
1777672788894 73.71 711
1777672804073 73.28 712
1777672819013 72.29 713
1777672833995 72.47 714
1777672849075 72.26 715
1777672863942 72.62 716
1777672879020 72.33 717
1777672893868 72.52 718
1777672908784 72.55 719
1777672923708 72.52 720
1777672938760 72.51 721
1777672953549 72.81 722
1777672968455 72.3 723
1777672983248 72.41 724
1777672998713 71.99 725
1777673013729 71.94 726
1777673028868 72.04 727
1777673043502 71.53 728
1777673058611 71.44 729
1777673073501 71.62 730
1777673088470 71.29 731
1777673103461 70.8 732
1777673118298 71.33 733
1777673133147 70.87 734
1777673147856 69.96 735
1777673162643 69.39 736
1777673177608 69.37 737
1777673192266 70.28 738
1777673206794 70.28 739
1777673221715 71.2 740
1777673236671 71.45 741
1777673251263 71.69 742
1777673266190 71.46 743
1777673281132 71.6 744
1777673295917 71.49 745
1777673310868 71.49 746
1777673325639 71.83 747
1777673340195 71.94 748
1777673354901 71.6 749
1777673370214 71.31 750
1777673384858 71.86 751
1777673399683 71.74 752
1777673414542 71.89 753
1777673429183 71.93 754
1777673444061 71.53 755
1777673458678 71.42 756
1777673473627 71.12 757
1777673488125 70.97 758
1777673503168 70.11 759
1777673517765 69.99 760
1777673532698 69.94 761
1777673547451 70.39 762
1777673562177 69.0 763
1777673577114 68.13 764
1777673592052 67.3 765
1777673606880 66.99 766
1777673621573 66.98 767
1777673636353 66.64 768
1777673651024 67.14 769
1777673665862 67.52 770
1777673680756 67.5 771
1777673695683 68.03 772
1777673710579 68.09 773
1777673725153 67.95 774
1777673739890 68.17 775
1777673754784 68.18 776
1777673769580 68.21 777
1777673784677 67.98 778
1777673799550 67.65 779
1777673814183 67.92 780
1777673828970 67.72 781
1777673843871 67.84 782
1777673858823 68.3 783
1777673873702 68.03 784
1777673888506 68.04 785
1777673903141 67.91 786
1777673917863 67.24 787
1777673932621 67.66 788
1777673947677 67.31 789
1777673962478 67.15 790
1777673977105 68.05 791
1777673991754 68.37 792
1777674006214 68.37 793
1777674020605 68.37 794
1777674035229 70.32 795
1777674049857 71.06 796
1777674064632 71.22 797
1777674079593 71.47 798
1777674094240 71.65 799
1777674108901 72.12 800
1777674123597 72.12 801
1777674138352 73.13 802
1777674153252 72.52 803
1777674168294 72.31 804
1777674183225 72.18 805
1777674198020 72.34 806
1777674213129 72.06 807
1777674228114 72.06 808
1777674242627 72.16 809
1777674257551 70.41 810
1777674272250 69.81 811
1777674286904 69.4 812
1777674301618 69.96 813
1777674316641 70.35 814
1777674331450 69.95 815
1777674346402 69.62 816
1777674361387 69.09 817
1777674376493 68.75 818
1777674391052 69.08 819
1777674406043 69.67 820
1777674420889 69.42 821
1777674435766 69.24 822
1777674450641 69.76 823
1777674465509 69.98 824
1777674480332 70.24 825
1777674495126 70.36 826
1777674509643 70.56 827
1777674524152 70.87 828
1777674539383 70.78 829
1777674553956 70.81 830
1777674568554 71.35 831
1777674583411 71.09 832
1777674598230 70.75 833
1777674613000 71.02 834
1777674627836 70.92 835
1777674642650 71.53 836
1777674657603 70.99 837
1777674672548 70.37 838
1777674687355 69.54 839
1777674702260 69.57 840
1777674717060 70.12 841
1777674731966 69.67 842
1777674746951 69.84 843
1777674761528 69.84 844
1777674776450 70.18 845
1777674791492 70.08 846
1777674806252 69.62 847
1777674820797 70.17 848
1777674835619 70.48 849
1777674850394 70.76 850
1777674865079 71.34 851
1777674880119 71.25 852
1777674894485 71.25 853
1777674909155 71.54 854
1777674923761 71.93 855
1777674938508 72.07 856
1777674953608 72.44 857
1777674968545 72.92 858
1777674983308 73.05 859
1777674998041 73.71 860
1777675013321 73.1 861
1777675028098 73.34 862
1777675043046 73.53 863
1777675057630 73.57 864
1777675072417 73.25 865
1777675087296 71.4 866
1777675102124 71.18 867
1777675116822 70.94 868
1777675131682 71.16 869
1777675146611 71.35 870
1777675161491 70.8 871
1777675176402 69.82 872
1777675191299 70.15 873
1777675206367 70.6 874
1777675221336 71.22 875
1777675236024 71.41 876
1777675250954 71.88 877
1777675265973 71.91 878
1777675281016 71.96 879
1777675295743 72.25 880
1777675310972 72.68 881
1777675326036 72.65 882
1777675340833 72.88 883
1777675355656 72.98 884
1777675370795 73.51 885
1777675385626 73.03 886
1777675400740 72.77 887
1777675415457 72.89 888
1777675430293 73.27 889
1777675445151 73.6 890
1777675460250 73.45 891
1777675474932 73.51 892
1777675489620 73.6 893
1777675504558 73.84 894
1777675519457 73.78 895
1777675534213 74.52 896
1777675548870 73.96 897
1777675563892 74.27 898
1777675578516 74.51 899
1777675593256 74.96 900
1777675608088 75.37 901
1777675623133 75.1 902
1777675638014 75.2 903
1777675653109 75.04 904
1777675667657 75.04 905
1777675682428 75.91 906
1777675697258 76.0 907
1777675712270 75.7 908
1777675726832 75.82 909
1777675741594 76.52 910
1777675756542 76.59 911
1777675771124 76.69 912
1777675785667 76.69 913
1777675800984 77.71 914
1777675815563 78.0 915
1777675830504 78.37 916
1777675845084 78.65 917
1777675859862 78.84 918
1777675874697 78.5 919
1777675889616 78.53 920
1777675904412 78.88 921
1777675919129 79.14 922
1777675934010 78.84 923
1777675948938 78.6 924
1777675963905 78.86 925
1777675978829 78.69 926
1777675993738 78.03 927
1777676008642 78.46 928
1777676023460 78.23 929
1777676038422 78.04 930
1777676053323 77.77 931
1777676068082 77.5 932
1777676082742 77.44 933
1777676097936 76.87 934
1777676112565 76.49 935
1777676127483 76.16 936
1777676142220 76.31 937
1777676156986 76.48 938
1777676172154 76.26 939
1777676187012 76.3 940
1777676201994 75.11 941
1777676216927 74.96 942
1777676231605 75.14 943
1777676246387 74.67 944
1777676261412 75.08 945
1777676276206 75.41 946
1777676290855 75.65 947
1777676305824 75.36 948
1777676320712 74.95 949
1777676335701 74.17 950
1777676350323 73.92 951
1777676365265 73.82 952
1777676380190 74.19 953
1777676395073 74.25 954
1777676410093 74.29 955
1777676424865 74.36 956
1777676439600 74.55 957
1777676454310 74.75 958
1777676469730 74.18 959
1777676484464 74.31 960
1777676499350 73.89 961
1777676513938 74.01 962
1777676529053 74.08 963
1777676543616 73.86 964
1777676558377 74.1 965
1777676572980 74.7 966
1777676588148 74.73 967
1777676603049 73.95 968
1777676617776 74.0 969
1777676632638 73.51 970
1777676648002 72.35 971
1777676662678 71.97 972
1777676677514 72.25 973
1777676692390 72.33 974
1777676707189 72.33 975
1777676721982 74.23 976
1777676736682 73.63 977
1777676751222 73.63 978
1777676766332 74.75 979
1777676781135 74.75 980
1777676796095 74.22 981
1777676810787 74.83 982
1777676825472 74.91 983
1777676839972 75.05 984
1777676854883 73.94 985
1777676869464 74.04 986
1777676884297 73.42 987
1777676899114 73.4 988
1777676913595 73.4 989
1777676928209 74.73 990
1777676943326 74.75 991
1777676958204 74.46 992
1777676972940 74.95 993
1777676987793 75.01 994
1777677002389 75.22 995
1777677017056 74.92 996
1777677032005 74.48 997
1777677046618 74.92 998
1777677061204 74.92 999
