1777662259600 0.0 0
1777662271789 0.0 1
1777662284607 0.0 2
1777662297711 0.0 3
1777662310633 0.0 4
1777662323313 0.0 5
1777662335904 0.0 6
1777662348528 0.0 7
1777662361326 0.0 8
1777662374194 1.0 9
1777662387076 0.0 10
1777662400740 0.0 11
1777662414463 0.0 12
1777662428377 0.0 13
1777662442302 0.0 14
1777662456061 0.0 15
1777662469817 0.0 16
1777662483190 0.0 17
1777662496081 0.0 18
1777662508980 1.0 19
1777662521860 0.0 20
1777662534718 0.0 21
1777662547847 0.0 22
1777662560800 0.0 23
1777662573629 1.0 24
1777662586560 1.0 25
1777662599396 1.0 26
1777662612435 1.0 27
1777662625578 2.0 28
1777662638509 1.0 29
1777662651825 1.0 30
1777662665228 0.0 31
1777662678754 1.0 32
1777662692377 1.0 33
1777662706063 1.0 34
1777662719805 1.0 35
1777662733700 1.0 36
1777662747562 2.0 37
1777662761364 1.0 38
1777662775369 2.0 39
1777662789273 1.0 40
1777662803234 2.0 41
1777662817328 2.0 42
1777662831330 2.0 43
1777662845070 1.0 44
1777662859052 2.0 45
1777662872994 2.0 46
1777662886725 1.0 47
1777662900643 2.0 48
1777662914678 2.0 49
1777662928586 1.0 50
1777662942863 2.0 51
1777662956706 1.0 52
1777662970894 2.0 53
1777662985103 3.0 54
1777662999306 2.0 55
1777663013582 2.0 56
1777663027710 1.0 57
1777663041687 2.0 58
1777663055629 2.0 59
1777663069333 1.0 60
1777663083761 3.0 61
1777663097810 1.0 62
1777663111799 2.0 63
1777663126193 3.0 64
1777663140188 1.0 65
1777663154415 1.0 66
1777663168547 2.0 67
1777663182848 2.0 68
1777663196915 1.0 69
1777663211250 2.0 70
1777663225454 2.0 71
1777663239562 2.0 72
1777663253807 1.0 73
1777663268072 2.0 74
1777663282128 1.0 75
1777663296447 2.0 76
1777663310599 1.0 77
1777663324849 1.0 78
1777663339433 3.0 79
1777663353487 1.0 80
1777663368030 2.0 81
1777663382179 1.0 82
1777663396745 2.0 83
1777663411113 2.0 84
1777663425543 1.0 85
1777663440000 2.0 86
1777663454218 1.0 87
1777663469048 3.0 88
1777663483580 2.0 89
1777663498154 1.0 90
1777663513011 2.0 91
1777663527947 2.0 92
1777663542851 2.0 93
1777663557831 2.0 94
1777663572543 1.0 95
1777663587706 2.0 96
1777663602552 2.0 97
1777663617503 1.0 98
1777663632225 1.0 99
1777663646920 2.0 100
1777663661473 1.0 101
1777663676422 1.0 102
1777663690989 0.0 103
1777663706017 2.0 104
1777663720704 1.0 105
1777663735860 2.0 106
1777663750780 1.0 107
1777663765788 1.0 108
1777663780721 2.0 109
1777663795478 1.0 110
1777663810611 2.0 111
1777663825359 1.0 112
1777663840423 2.0 113
1777663855350 1.0 114
1777663870286 1.0 115
1777663885064 1.0 116
1777663900053 1.0 117
1777663914907 1.0 118
1777663929809 1.0 119
1777663944674 1.0 120
1777663959502 1.0 121
1777663974922 2.0 122
1777663989772 1.0 123
1777664005051 2.0 124
1777664020160 2.0 125
1777664035238 2.0 126
1777664050459 2.0 127
1777664065543 2.0 128
1777664080721 2.0 129
1777664095769 1.0 130
1777664110767 1.0 131
1777664125810 1.0 132
1777664140693 1.0 133
1777664155486 1.0 134
1777664170282 1.0 135
1777664185371 2.0 136
1777664200226 0.0 137
1777664215364 2.0 138
1777664230325 1.0 139
1777664245093 2.0 140
1777664260328 2.0 141
1777664275525 2.0 142
1777664290505 2.0 143
1777664305393 1.0 144
1777664320533 2.0 145
1777664335212 1.0 146
1777664350346 2.0 147
1777664365358 1.0 148
1777664380246 2.0 149
1777664395207 1.0 150
1777664410345 2.0 151
1777664425226 1.0 152
1777664440325 1.0 153
1777664455559 2.0 154
1777664470369 0.0 155
1777664485525 2.0 156
1777664500635 2.0 157
1777664515749 1.0 158
1777664530995 2.0 159
1777664545814 1.0 160
1777664560875 2.0 161
1777664575698 1.0 162
1777664590564 1.0 163
1777664605416 1.0 164
1777664620645 2.0 165
1777664635655 2.0 166
1777664650485 0.0 167
1777664665402 1.0 168
1777664680194 1.0 169
1777664695338 2.0 170
1777664710310 1.0 171
1777664725472 2.0 172
1777664740376 1.0 173
1777664755376 1.0 174
1777664770658 2.0 175
1777664786117 3.0 176
1777664800939 1.0 177
1777664816145 2.0 178
1777664831131 1.0 179
1777664846340 2.0 180
1777664861513 2.0 181
1777664876691 1.0 182
1777664891676 1.0 183
1777664906651 2.0 184
1777664921734 1.0 185
1777664936957 2.0 186
1777664952228 2.0 187
1777664967507 2.0 188
1777664982773 2.0 189
1777664997795 1.0 190
1777665012841 1.0 191
1777665027889 2.0 192
1777665043089 1.0 193
1777665057994 1.0 194
1777665072880 1.0 195
1777665087730 1.0 196
1777665102332 0.0 197
1777665117297 2.0 198
1777665132127 0.0 199
1777665147398 2.0 200
1777665162148 1.0 201
1777665177304 2.0 202
1777665192626 2.0 203
1777665207552 1.0 204
1777665222598 2.0 205
1777665237857 2.0 206
1777665252866 2.0 207
1777665267971 1.0 208
1777665282849 1.0 209
1777665297911 1.0 210
1777665312595 0.0 211
1777665327870 2.0 212
1777665342857 1.0 213
1777665357877 2.0 214
1777665373041 1.0 215
1777665388127 1.0 216
1777665402999 1.0 217
1777665418390 2.0 218
1777665433380 1.0 219
1777665448557 1.0 220
1777665463851 2.0 221
1777665479122 1.0 222
1777665494347 1.0 223
1777665509182 1.0 224
1777665524345 2.0 225
1777665539612 2.0 226
1777665554423 0.0 227
1777665569656 2.0 228
1777665584821 2.0 229
1777665600150 3.0 230
1777665615431 2.0 231
1777665630690 1.0 232
1777665646026 2.0 233
1777665661086 1.0 234
1777665676419 2.0 235
1777665691507 2.0 236
1777665707002 3.0 237
1777665722072 1.0 238
1777665737460 2.0 239
1777665752448 1.0 240
1777665767449 2.0 241
1777665782692 2.0 242
1777665797435 1.0 243
1777665812848 2.0 244
1777665827872 1.0 245
1777665842908 2.0 246
1777665858047 1.0 247
1777665873290 2.0 248
1777665888394 1.0 249
1777665903802 2.0 250
1777665918888 1.0 251
1777665934304 2.0 252
1777665949045 1.0 253
1777665964370 2.0 254
1777665979114 2.0 255
1777665994186 1.0 256
1777666009314 2.0 257
1777666024397 1.0 258
1777666039182 1.0 259
1777666054364 2.0 260
1777666069309 1.0 261
1777666084184 1.0 262
1777666099238 2.0 263
1777666114424 2.0 264
1777666129455 1.0 265
1777666144800 2.0 266
1777666160027 2.0 267
1777666175055 1.0 268
1777666190007 1.0 269
1777666204601 0.0 270
1777666219511 1.0 271
1777666234740 2.0 272
1777666249697 1.0 273
1777666264976 1.0 274
1777666280061 2.0 275
1777666295303 2.0 276
1777666310041 1.0 277
1777666325135 1.0 278
1777666340152 2.0 279
1777666355218 2.0 280
1777666370423 1.0 281
1777666385751 2.0 282
1777666400622 2.0 283
1777666415835 2.0 284
1777666430721 1.0 285
1777666445853 2.0 286
1777666461127 2.0 287
1777666475982 1.0 288
1777666490845 1.0 289
1777666506311 2.0 290
1777666520970 1.0 291
1777666535899 1.0 292
1777666551077 2.0 293
1777666565944 1.0 294
1777666580775 2.0 295
1777666595867 2.0 296
1777666610859 1.0 297
1777666625921 2.0 298
1777666640894 1.0 299
1777666655705 1.0 300
1777666670588 1.0 301
1777666685767 2.0 302
1777666700619 2.0 303
1777666715462 1.0 304
1777666730338 1.0 305
1777666745154 1.0 306
1777666760080 1.0 307
1777666774944 2.0 308
1777666789793 1.0 309
1777666804695 1.0 310
1777666819428 1.0 311
1777666834225 1.0 312
1777666849226 2.0 313
1777666864191 1.0 314
1777666879068 1.0 315
1777666893922 1.0 316
1777666908955 2.0 317
1777666923834 1.0 318
1777666938857 2.0 319
1777666953787 1.0 320
1777666968543 1.0 321
1777666983670 2.0 322
1777666998681 1.0 323
1777667013700 2.0 324
1777667028964 3.0 325
1777667043829 0.0 326
1777667059046 2.0 327
1777667073815 1.0 328
1777667088791 1.0 329
1777667103887 2.0 330
1777667118669 1.0 331
1777667133513 1.0 332
1777667148545 2.0 333
1777667163759 2.0 334
1777667178787 2.0 335
1777667193672 2.0 336
1777667208749 1.0 337
1777667223395 1.0 338
1777667238767 2.0 339
1777667253598 1.0 340
1777667268549 1.0 341
1777667283720 2.0 342
1777667298635 1.0 343
1777667313778 3.0 344
1777667328697 1.0 345
1777667343973 2.0 346
1777667359340 2.0 347
1777667374017 1.0 348
1777667389156 2.0 349
1777667404396 2.0 350
1777667419418 2.0 351
1777667434502 2.0 352
1777667449596 2.0 353
1777667464593 2.0 354
1777667479722 1.0 355
1777667494716 2.0 356
1777667509501 1.0 357
1777667524555 1.0 358
1777667539712 2.0 359
1777667554696 2.0 360
1777667569672 1.0 361
1777667584522 1.0 362
1777667599467 1.0 363
1777667614172 1.0 364
1777667629263 2.0 365
1777667644078 1.0 366
1777667658960 1.0 367
1777667673799 1.0 368
1777667688663 1.0 369
1777667703969 2.0 370
1777667718744 1.0 371
1777667733864 2.0 372
1777667748630 1.0 373
1777667763543 2.0 374
1777667778321 1.0 375
1777667792917 1.0 376
1777667808147 3.0 377
1777667823117 2.0 378
1777667838328 2.0 379
1777667853377 2.0 380
1777667868410 1.0 381
1777667883811 3.0 382
1777667898488 1.0 383
1777667913441 2.0 384
1777667928386 1.0 385
1777667943264 2.0 386
1777667958578 2.0 387
1777667973826 2.0 388
1777667988677 1.0 389
1777668003691 2.0 390
1777668018604 1.0 391
1777668033711 3.0 392
1777668048936 1.0 393
1777668064102 2.0 394
1777668078976 1.0 395
1777668093931 1.0 396
1777668108950 1.0 397
1777668124130 2.0 398
1777668139122 1.0 399
1777668154057 1.0 400
1777668169150 1.0 401
1777668183891 1.0 402
1777668198642 1.0 403
1777668213796 1.0 404
1777668228736 1.0 405
1777668243620 1.0 406
1777668258760 2.0 407
1777668273282 1.0 408
1777668288491 2.0 409
1777668303338 1.0 410
1777668318649 2.0 411
1777668333560 2.0 412
1777668348601 1.0 413
1777668363360 1.0 414
1777668378388 2.0 415
1777668393245 1.0 416
1777668408293 2.0 417
1777668423402 2.0 418
1777668438274 1.0 419
1777668453409 3.0 420
1777668468489 1.0 421
1777668483648 2.0 422
1777668498862 2.0 423
1777668513955 2.0 424
1777668528759 1.0 425
1777668543701 2.0 426
1777668558905 2.0 427
1777668573420 0.0 428
1777668588545 2.0 429
1777668603809 2.0 430
1777668619037 2.0 431
1777668633839 1.0 432
1777668648799 1.0 433
1777668663570 1.0 434
1777668678289 0.0 435
1777668692997 1.0 436
1777668708037 2.0 437
1777668722803 1.0 438
1777668737892 2.0 439
1777668752944 1.0 440
1777668767968 2.0 441
1777668782829 1.0 442
1777668797927 2.0 443
1777668812928 2.0 444
1777668827879 2.0 445
1777668842772 2.0 446
1777668857973 2.0 447
1777668873208 2.0 448
1777668888304 2.0 449
1777668903136 1.0 450
1777668918282 2.0 451
1777668933505 2.0 452
1777668948329 1.0 453
1777668963086 1.0 454
1777668978089 1.0 455
1777668993041 1.0 456
1777669007945 1.0 457
1777669022621 1.0 458
1777669037477 2.0 459
1777669052561 1.0 460
1777669067608 2.0 461
1777669082265 1.0 462
1777669097067 1.0 463
1777669112084 2.0 464
1777669126973 2.0 465
1777669141908 2.0 466
1777669157100 1.0 467
1777669171728 1.0 468
1777669186666 2.0 469
1777669201613 1.0 470
1777669216409 1.0 471
1777669231948 2.0 472
1777669246709 1.0 473
1777669261748 2.0 474
1777669277084 2.0 475
1777669292054 2.0 476
1777669306927 2.0 477
1777669322115 1.0 478
1777669337184 2.0 479
1777669352175 1.0 480
1777669367279 2.0 481
1777669382164 1.0 482
1777669397313 2.0 483
1777669412235 1.0 484
1777669427195 2.0 485
1777669442108 1.0 486
1777669456852 1.0 487
1777669471974 2.0 488
1777669486781 1.0 489
1777669501892 2.0 490
1777669516896 2.0 491
1777669531822 0.0 492
1777669546830 2.0 493
1777669561787 2.0 494
1777669576699 1.0 495
1777669591699 1.0 496
1777669606426 1.0 497
1777669621832 2.0 498
1777669636646 1.0 499
1777669651746 2.0 500
1777669666566 1.0 501
1777669681501 1.0 502
1777669696380 2.0 503
1777669711376 1.0 504
1777669726268 1.0 505
1777669741397 1.0 506
1777669756374 2.0 507
1777669771324 2.0 508
1777669786000 1.0 509
1777669801017 1.0 510
1777669815658 1.0 511
1777669830441 1.0 512
1777669845024 1.0 513
1777669860251 2.0 514
1777669875044 1.0 515
1777669889706 1.0 516
1777669904560 2.0 517
1777669919509 1.0 518
1777669934411 2.0 519
1777669949165 1.0 520
1777669963902 1.0 521
1777669978785 1.0 522
1777669993709 1.0 523
1777670008732 2.0 524
1777670023343 1.0 525
1777670038258 1.0 526
1777670052987 1.0 527
1777670067977 2.0 528
1777670083023 2.0 529
1777670097982 1.0 530
1777670112906 2.0 531
1777670127639 1.0 532
1777670142451 2.0 533
1777670157062 1.0 534
1777670171843 2.0 535
1777670186916 1.0 536
1777670201544 1.0 537
1777670216012 0.0 538
1777670230645 1.0 539
1777670245498 1.0 540
1777670260388 2.0 541
1777670275174 1.0 542
1777670289870 1.0 543
1777670304524 1.0 544
1777670319220 1.0 545
1777670334285 3.0 546
1777670349198 1.0 547
1777670363845 1.0 548
1777670378470 1.0 549
1777670393714 2.0 550
1777670408583 1.0 551
1777670423390 1.0 552
1777670438175 2.0 553
1777670452771 1.0 554
1777670467328 0.0 555
1777670481901 1.0 556
1777670496905 2.0 557
1777670511692 1.0 558
1777670526875 3.0 559
1777670541857 1.0 560
1777670556642 1.0 561
1777670571336 1.0 562
1777670586103 1.0 563
1777670600933 1.0 564
1777670615574 1.0 565
1777670630235 2.0 566
1777670644991 1.0 567
1777670659827 1.0 568
1777670674763 2.0 569
1777670689447 1.0 570
1777670704498 1.0 571
1777670719380 2.0 572
1777670734422 2.0 573
1777670749277 2.0 574
1777670764325 2.0 575
1777670779161 2.0 576
1777670794027 1.0 577
1777670808942 2.0 578
1777670823809 1.0 579
1777670838913 1.0 580
1777670853801 2.0 581
1777670868608 1.0 582
1777670883436 1.0 583
1777670898561 2.0 584
1777670913364 1.0 585
1777670928370 2.0 586
1777670943315 2.0 587
1777670958059 1.0 588
1777670973203 2.0 589
1777670987875 1.0 590
1777671002612 1.0 591
1777671017399 1.0 592
1777671032163 1.0 593
1777671047097 2.0 594
1777671062054 1.0 595
1777671076895 1.0 596
1777671092117 2.0 597
1777671107017 1.0 598
1777671122044 2.0 599
1777671137186 2.0 600
1777671151861 1.0 601
1777671167000 2.0 602
1777671181909 1.0 603
1777671196801 2.0 604
1777671211697 1.0 605
1777671226229 1.0 606
1777671240903 1.0 607
1777671256124 2.0 608
1777671270955 1.0 609
1777671285896 2.0 610
1777671300829 2.0 611
1777671315819 2.0 612
1777671330652 1.0 613
1777671345751 2.0 614
1777671360734 2.0 615
1777671375563 1.0 616
1777671390542 2.0 617
1777671405381 1.0 618
1777671420471 2.0 619
1777671435781 2.0 620
1777671450550 1.0 621
1777671465301 1.0 622
1777671480029 1.0 623
1777671494697 1.0 624
1777671509871 2.0 625
1777671524447 1.0 626
1777671539521 2.0 627
1777671554673 2.0 628
1777671569586 1.0 629
1777671584412 1.0 630
1777671599386 1.0 631
1777671614097 1.0 632
1777671628634 0.0 633
1777671643098 0.0 634
1777671657647 0.0 635
1777671672449 1.0 636
1777671687555 2.0 637
1777671702574 1.0 638
1777671717321 1.0 639
1777671732264 1.0 640
1777671747226 1.0 641
1777671762327 2.0 642
1777671777029 1.0 643
1777671792114 2.0 644
1777671807027 1.0 645
1777671822034 2.0 646
1777671836944 1.0 647
1777671851863 1.0 648
1777671866988 2.0 649
1777671882098 1.0 650
1777671896857 1.0 651
1777671911926 2.0 652
1777671926649 1.0 653
1777671941784 2.0 654
1777671956529 2.0 655
1777671971242 1.0 656
1777671985863 1.0 657
1777672000693 1.0 658
1777672015417 1.0 659
1777672030618 2.0 660
1777672045558 2.0 661
1777672060492 2.0 662
1777672075181 1.0 663
1777672089828 1.0 664
1777672104561 1.0 665
1777672119117 0.0 666
1777672134143 2.0 667
1777672149249 2.0 668
1777672164132 2.0 669
1777672178953 1.0 670
1777672193687 1.0 671
1777672209155 3.0 672
1777672223733 0.0 673
1777672238770 2.0 674
1777672253550 1.0 675
1777672268593 2.0 676
1777672283221 1.0 677
1777672298387 2.0 678
1777672313176 2.0 679
1777672328040 1.0 680
1777672342833 2.0 681
1777672357790 2.0 682
1777672372511 1.0 683
1777672387523 2.0 684
1777672402448 1.0 685
1777672416953 1.0 686
1777672431606 1.0 687
1777672446493 1.0 688
1777672461423 1.0 689
1777672476324 1.0 690
1777672491351 2.0 691
1777672506166 1.0 692
1777672520834 0.0 693
1777672535514 1.0 694
1777672550017 0.0 695
1777672564948 2.0 696
1777672579313 0.0 697
1777672594215 2.0 698
1777672609125 1.0 699
1777672624111 1.0 700
1777672639295 1.0 701
1777672654186 2.0 702
1777672669346 2.0 703
1777672684297 2.0 704
1777672699515 2.0 705
1777672714359 1.0 706
1777672729263 2.0 707
1777672744224 1.0 708
1777672759238 1.0 709
1777672774263 2.0 710
1777672788894 1.0 711
1777672804073 2.0 712
1777672819013 2.0 713
1777672833995 1.0 714
1777672849075 2.0 715
1777672863942 1.0 716
1777672879020 2.0 717
1777672893868 1.0 718
1777672908784 1.0 719
1777672923708 2.0 720
1777672938760 1.0 721
1777672953549 1.0 722
1777672968455 2.0 723
1777672983248 1.0 724
1777672998713 2.0 725
1777673013729 2.0 726
1777673028868 2.0 727
1777673043502 1.0 728
1777673058611 2.0 729
1777673073501 1.0 730
1777673088470 2.0 731
1777673103461 2.0 732
1777673118298 1.0 733
1777673133147 2.0 734
1777673147856 2.0 735
1777673162643 2.0 736
1777673177608 1.0 737
1777673192266 1.0 738
1777673206794 0.0 739
1777673221715 2.0 740
1777673236671 1.0 741
1777673251263 1.0 742
1777673266190 1.0 743
1777673281132 2.0 744
1777673295917 1.0 745
1777673310868 1.0 746
1777673325639 2.0 747
1777673340195 1.0 748
1777673354901 1.0 749
1777673370214 3.0 750
1777673384858 1.0 751
1777673399683 2.0 752
1777673414542 1.0 753
1777673429183 2.0 754
1777673444061 2.0 755
1777673458678 1.0 756
1777673473627 2.0 757
1777673488125 1.0 758
1777673503168 2.0 759
1777673517765 1.0 760
1777673532698 2.0 761
1777673547451 1.0 762
1777673562177 1.0 763
1777673577114 2.0 764
1777673592052 2.0 765
1777673606880 1.0 766
1777673621573 1.0 767
1777673636353 1.0 768
1777673651024 1.0 769
1777673665862 2.0 770
1777673680756 1.0 771
1777673695683 2.0 772
1777673710579 2.0 773
1777673725153 1.0 774
1777673739890 1.0 775
1777673754784 2.0 776
1777673769580 1.0 777
1777673784677 2.0 778
1777673799550 2.0 779
1777673814183 1.0 780
1777673828970 2.0 781
1777673843871 1.0 782
1777673858823 1.0 783
1777673873702 2.0 784
1777673888506 2.0 785
1777673903141 1.0 786
1777673917863 2.0 787
1777673932621 1.0 788
1777673947677 2.0 789
1777673962478 1.0 790
1777673977105 1.0 791
1777673991754 1.0 792
1777674006214 0.0 793
1777674020605 0.0 794
1777674035229 1.0 795
1777674049857 1.0 796
1777674064632 1.0 797
1777674079593 2.0 798
1777674094240 1.0 799
1777674108901 1.0 800
1777674123597 0.0 801
1777674138352 2.0 802
1777674153252 2.0 803
1777674168294 2.0 804
1777674183225 2.0 805
1777674198020 1.0 806
1777674213129 3.0 807
1777674228114 2.0 808
1777674242627 1.0 809
1777674257551 2.0 810
1777674272250 2.0 811
1777674286904 1.0 812
1777674301618 1.0 813
1777674316641 2.0 814
1777674331450 1.0 815
1777674346402 2.0 816
1777674361387 2.0 817
1777674376493 2.0 818
1777674391052 1.0 819
1777674406043 1.0 820
1777674420889 2.0 821
1777674435766 1.0 822
1777674450641 2.0 823
1777674465509 1.0 824
1777674480332 2.0 825
1777674495126 1.0 826
1777674509643 1.0 827
1777674524152 1.0 828
1777674539383 2.0 829
1777674553956 1.0 830
1777674568554 1.0 831
1777674583411 2.0 832
1777674598230 1.0 833
1777674613000 1.0 834
1777674627836 1.0 835
1777674642650 2.0 836
1777674657603 2.0 837
1777674672548 2.0 838
1777674687355 2.0 839
1777674702260 1.0 840
1777674717060 1.0 841
1777674731966 2.0 842
1777674746951 2.0 843
1777674761528 0.0 844
1777674776450 2.0 845
1777674791492 2.0 846
1777674806252 2.0 847
1777674820797 1.0 848
1777674835619 1.0 849
1777674850394 1.0 850
1777674865079 1.0 851
1777674880119 2.0 852
1777674894485 0.0 853
1777674909155 1.0 854
1777674923761 1.0 855
1777674938508 1.0 856
1777674953608 1.0 857
1777674968545 2.0 858
1777674983308 1.0 859
1777674998041 1.0 860
1777675013321 2.0 861
1777675028098 1.0 862
1777675043046 1.0 863
1777675057630 1.0 864
1777675072417 1.0 865
1777675087296 2.0 866
1777675102124 1.0 867
1777675116822 1.0 868
1777675131682 1.0 869
1777675146611 2.0 870
1777675161491 1.0 871
1777675176402 1.0 872
1777675191299 2.0 873
1777675206367 2.0 874
1777675221336 1.0 875
1777675236024 1.0 876
1777675250954 1.0 877
1777675265973 2.0 878
1777675281016 1.0 879
1777675295743 1.0 880
1777675310972 2.0 881
1777675326036 2.0 882
1777675340833 1.0 883
1777675355656 1.0 884
1777675370795 2.0 885
1777675385626 1.0 886
1777675400740 2.0 887
1777675415457 1.0 888
1777675430293 2.0 889
1777675445151 1.0 890
1777675460250 2.0 891
1777675474932 1.0 892
1777675489620 1.0 893
1777675504558 1.0 894
1777675519457 2.0 895
1777675534213 1.0 896
1777675548870 1.0 897
1777675563892 1.0 898
1777675578516 1.0 899
1777675593256 1.0 900
1777675608088 1.0 901
1777675623133 2.0 902
1777675638014 1.0 903
1777675653109 2.0 904
1777675667657 0.0 905
1777675682428 1.0 906
1777675697258 1.0 907
1777675712270 2.0 908
1777675726832 1.0 909
1777675741594 1.0 910
1777675756542 1.0 911
1777675771124 1.0 912
1777675785667 0.0 913
1777675800984 2.0 914
1777675815563 1.0 915
1777675830504 2.0 916
1777675845084 1.0 917
1777675859862 1.0 918
1777675874697 2.0 919
1777675889616 1.0 920
1777675904412 1.0 921
1777675919129 1.0 922
1777675934010 2.0 923
1777675948938 2.0 924
1777675963905 1.0 925
1777675978829 2.0 926
1777675993738 2.0 927
1777676008642 1.0 928
1777676023460 1.0 929
1777676038422 1.0 930
1777676053323 2.0 931
1777676068082 1.0 932
1777676082742 1.0 933
1777676097936 2.0 934
1777676112565 1.0 935
1777676127483 2.0 936
1777676142220 1.0 937
1777676156986 1.0 938
1777676172154 2.0 939
1777676187012 1.0 940
1777676201994 2.0 941
1777676216927 2.0 942
1777676231605 1.0 943
1777676246387 1.0 944
1777676261412 2.0 945
1777676276206 1.0 946
1777676290855 1.0 947
1777676305824 2.0 948
1777676320712 2.0 949
1777676335701 2.0 950
1777676350323 1.0 951
1777676365265 1.0 952
1777676380190 2.0 953
1777676395073 1.0 954
1777676410093 2.0 955
1777676424865 1.0 956
1777676439600 1.0 957
1777676454310 2.0 958
1777676469730 2.0 959
1777676484464 1.0 960
1777676499350 2.0 961
1777676513938 1.0 962
1777676529053 2.0 963
1777676543616 1.0 964
1777676558377 1.0 965
1777676572980 1.0 966
1777676588148 2.0 967
1777676603049 2.0 968
1777676617776 1.0 969
1777676632638 2.0 970
1777676648002 2.0 971
1777676662678 1.0 972
1777676677514 1.0 973
1777676692390 1.0 974
1777676707189 0.0 975
1777676721982 1.0 976
1777676736682 1.0 977
1777676751222 0.0 978
1777676766332 2.0 979
1777676781135 0.0 980
1777676796095 2.0 981
1777676810787 1.0 982
1777676825472 1.0 983
1777676839972 1.0 984
1777676854883 2.0 985
1777676869464 1.0 986
1777676884297 1.0 987
1777676899114 1.0 988
1777676913595 0.0 989
1777676928209 1.0 990
1777676943326 2.0 991
1777676958204 1.0 992
1777676972940 1.0 993
1777676987793 2.0 994
1777677002389 1.0 995
1777677017056 1.0 996
1777677032005 2.0 997
1777677046618 1.0 998
1777677061204 0.0 999
