1777662259600 111100.0 0
1777662271789 111200.0 1
1777662284607 111300.0 2
1777662297711 111400.0 3
1777662310633 111500.0 4
1777662323313 111600.0 5
1777662335904 111700.0 6
1777662348528 111800.0 7
1777662361326 111900.0 8
1777662374194 112000.0 9
1777662387076 112100.0 10
1777662400740 112200.0 11
1777662414463 112300.0 12
1777662428377 112400.0 13
1777662442302 112500.0 14
1777662456061 112600.0 15
1777662469817 112700.0 16
1777662483190 112800.0 17
1777662496081 112900.0 18
1777662508980 113000.0 19
1777662521860 113100.0 20
1777662534718 113200.0 21
1777662547847 113300.0 22
1777662560800 113400.0 23
1777662573629 113500.0 24
1777662586560 113600.0 25
1777662599396 113700.0 26
1777662612435 113800.0 27
1777662625578 113900.0 28
1777662638509 114000.0 29
1777662651825 114100.0 30
1777662665228 114200.0 31
1777662678754 114300.0 32
1777662692377 114400.0 33
1777662706063 114500.0 34
1777662719805 114600.0 35
1777662733700 114700.0 36
1777662747562 114800.0 37
1777662761364 114900.0 38
1777662775369 115000.0 39
1777662789273 115100.0 40
1777662803234 115200.0 41
1777662817328 115300.0 42
1777662831330 115400.0 43
1777662845070 115500.0 44
1777662859052 115600.0 45
1777662872994 115700.0 46
1777662886725 115800.0 47
1777662900643 115900.0 48
1777662914678 116000.0 49
1777662928586 116100.0 50
1777662942863 116200.0 51
1777662956706 116300.0 52
1777662970894 116400.0 53
1777662985103 116500.0 54
1777662999306 116600.0 55
1777663013582 116700.0 56
1777663027710 116800.0 57
1777663041687 116900.0 58
1777663055629 117000.0 59
1777663069333 117100.0 60
1777663083761 117200.0 61
1777663097810 117300.0 62
1777663111799 117400.0 63
1777663126193 117500.0 64
1777663140188 117600.0 65
1777663154415 117700.0 66
1777663168547 117800.0 67
1777663182848 117900.0 68
1777663196915 118000.0 69
1777663211250 118100.0 70
1777663225454 118200.0 71
1777663239562 118300.0 72
1777663253807 118400.0 73
1777663268072 118500.0 74
1777663282128 118600.0 75
1777663296447 118700.0 76
1777663310599 118800.0 77
1777663324849 118900.0 78
1777663339433 119000.0 79
1777663353487 119100.0 80
1777663368030 119200.0 81
1777663382179 119300.0 82
1777663396745 119400.0 83
1777663411113 119500.0 84
1777663425543 119600.0 85
1777663440000 119700.0 86
1777663454218 119800.0 87
1777663469048 119900.0 88
1777663483580 120000.0 89
1777663498154 120100.0 90
1777663513011 120200.0 91
1777663527947 120300.0 92
1777663542851 120400.0 93
1777663557831 120500.0 94
1777663572543 120600.0 95
1777663587706 120700.0 96
1777663602552 120800.0 97
1777663617503 120900.0 98
1777663632225 121000.0 99
1777663646920 121100.0 100
1777663661473 121200.0 101
1777663676422 121300.0 102
1777663690989 121400.0 103
1777663706017 121500.0 104
1777663720704 121600.0 105
1777663735860 121700.0 106
1777663750780 121800.0 107
1777663765788 121900.0 108
1777663780721 122000.0 109
1777663795478 122100.0 110
1777663810611 122200.0 111
1777663825359 122300.0 112
1777663840423 122400.0 113
1777663855350 122500.0 114
1777663870286 122600.0 115
1777663885064 122700.0 116
1777663900053 122800.0 117
1777663914907 122900.0 118
1777663929809 123000.0 119
1777663944674 123100.0 120
1777663959502 123200.0 121
1777663974922 123300.0 122
1777663989772 123400.0 123
1777664005051 123500.0 124
1777664020160 123600.0 125
1777664035238 123700.0 126
1777664050459 123800.0 127
1777664065543 123900.0 128
1777664080721 124000.0 129
1777664095769 124100.0 130
1777664110767 124200.0 131
1777664125810 124300.0 132
1777664140693 124400.0 133
1777664155486 124500.0 134
1777664170282 124600.0 135
1777664185371 124700.0 136
1777664200226 124800.0 137
1777664215364 124900.0 138
1777664230325 125000.0 139
1777664245093 125100.0 140
1777664260328 125200.0 141
1777664275525 125300.0 142
1777664290505 125400.0 143
1777664305393 125500.0 144
1777664320533 125600.0 145
1777664335212 125700.0 146
1777664350346 125800.0 147
1777664365358 125900.0 148
1777664380246 126000.0 149
1777664395207 126100.0 150
1777664410345 126200.0 151
1777664425226 126300.0 152
1777664440325 126400.0 153
1777664455559 126500.0 154
1777664470369 126600.0 155
1777664485525 126700.0 156
1777664500635 126800.0 157
1777664515749 126900.0 158
1777664530995 127000.0 159
1777664545814 127100.0 160
1777664560875 127200.0 161
1777664575698 127300.0 162
1777664590564 127400.0 163
1777664605416 127500.0 164
1777664620645 127600.0 165
1777664635655 127700.0 166
1777664650485 127800.0 167
1777664665402 127900.0 168
1777664680194 128000.0 169
1777664695338 128100.0 170
1777664710310 128200.0 171
1777664725472 128300.0 172
1777664740376 128400.0 173
1777664755376 128500.0 174
1777664770658 128600.0 175
1777664786117 128700.0 176
1777664800939 128800.0 177
1777664816145 128900.0 178
1777664831131 129000.0 179
1777664846340 129100.0 180
1777664861513 129200.0 181
1777664876691 129300.0 182
1777664891676 129400.0 183
1777664906651 129500.0 184
1777664921734 129600.0 185
1777664936957 129700.0 186
1777664952228 129800.0 187
1777664967507 129900.0 188
1777664982773 130000.0 189
1777664997795 130100.0 190
1777665012841 130200.0 191
1777665027889 130300.0 192
1777665043089 130400.0 193
1777665057994 130500.0 194
1777665072880 130600.0 195
1777665087730 130700.0 196
1777665102332 130800.0 197
1777665117297 130900.0 198
1777665132127 131000.0 199
1777665147398 131100.0 200
1777665162148 131200.0 201
1777665177304 131300.0 202
1777665192626 131400.0 203
1777665207552 131500.0 204
1777665222598 131600.0 205
1777665237857 131700.0 206
1777665252866 131800.0 207
1777665267971 131900.0 208
1777665282849 132000.0 209
1777665297911 132100.0 210
1777665312595 132200.0 211
1777665327870 132300.0 212
1777665342857 132400.0 213
1777665357877 132500.0 214
1777665373041 132600.0 215
1777665388127 132700.0 216
1777665402999 132800.0 217
1777665418390 132900.0 218
1777665433380 133000.0 219
1777665448557 133100.0 220
1777665463851 133200.0 221
1777665479122 133300.0 222
1777665494347 133400.0 223
1777665509182 133500.0 224
1777665524345 133600.0 225
1777665539612 133700.0 226
1777665554423 133800.0 227
1777665569656 133900.0 228
1777665584821 134000.0 229
1777665600150 134100.0 230
1777665615431 134200.0 231
1777665630690 134300.0 232
1777665646026 134400.0 233
1777665661086 134500.0 234
1777665676419 134600.0 235
1777665691507 134700.0 236
1777665707002 134800.0 237
1777665722072 134900.0 238
1777665737460 135000.0 239
1777665752448 135100.0 240
1777665767449 135200.0 241
1777665782692 135300.0 242
1777665797435 135400.0 243
1777665812848 135500.0 244
1777665827872 135600.0 245
1777665842908 135700.0 246
1777665858047 135800.0 247
1777665873290 135900.0 248
1777665888394 136000.0 249
1777665903802 136100.0 250
1777665918888 136200.0 251
1777665934304 136300.0 252
1777665949045 136400.0 253
1777665964370 136500.0 254
1777665979114 136600.0 255
1777665994186 136700.0 256
1777666009314 136800.0 257
1777666024397 136900.0 258
1777666039182 137000.0 259
1777666054364 137100.0 260
1777666069309 137200.0 261
1777666084184 137300.0 262
1777666099238 137400.0 263
1777666114424 137500.0 264
1777666129455 137600.0 265
1777666144800 137700.0 266
1777666160027 137800.0 267
1777666175055 137900.0 268
1777666190007 138000.0 269
1777666204601 138100.0 270
1777666219511 138200.0 271
1777666234740 138300.0 272
1777666249697 138400.0 273
1777666264976 138500.0 274
1777666280061 138600.0 275
1777666295303 138700.0 276
1777666310041 138800.0 277
1777666325135 138900.0 278
1777666340152 139000.0 279
1777666355218 139100.0 280
1777666370423 139200.0 281
1777666385751 139300.0 282
1777666400622 139400.0 283
1777666415835 139500.0 284
1777666430721 139600.0 285
1777666445853 139700.0 286
1777666461127 139800.0 287
1777666475982 139900.0 288
1777666490845 140000.0 289
1777666506311 140100.0 290
1777666520970 140200.0 291
1777666535899 140300.0 292
1777666551077 140400.0 293
1777666565944 140500.0 294
1777666580775 140600.0 295
1777666595867 140700.0 296
1777666610859 140800.0 297
1777666625921 140900.0 298
1777666640894 141000.0 299
1777666655705 141100.0 300
1777666670588 141200.0 301
1777666685767 141300.0 302
1777666700619 141400.0 303
1777666715462 141500.0 304
1777666730338 141600.0 305
1777666745154 141700.0 306
1777666760080 141800.0 307
1777666774944 141900.0 308
1777666789793 142000.0 309
1777666804695 142100.0 310
1777666819428 142200.0 311
1777666834225 142300.0 312
1777666849226 142400.0 313
1777666864191 142500.0 314
1777666879068 142600.0 315
1777666893922 142700.0 316
1777666908955 142800.0 317
1777666923834 142900.0 318
1777666938857 143000.0 319
1777666953787 143100.0 320
1777666968543 143200.0 321
1777666983670 143300.0 322
1777666998681 143400.0 323
1777667013700 143500.0 324
1777667028964 143600.0 325
1777667043829 143700.0 326
1777667059046 143800.0 327
1777667073815 143900.0 328
1777667088791 144000.0 329
1777667103887 144100.0 330
1777667118669 144200.0 331
1777667133513 144300.0 332
1777667148545 144400.0 333
1777667163759 144500.0 334
1777667178787 144600.0 335
1777667193672 144700.0 336
1777667208749 144800.0 337
1777667223395 144900.0 338
1777667238767 145000.0 339
1777667253598 145100.0 340
1777667268549 145200.0 341
1777667283720 145300.0 342
1777667298635 145400.0 343
1777667313778 145500.0 344
1777667328697 145600.0 345
1777667343973 145700.0 346
1777667359340 145800.0 347
1777667374017 145900.0 348
1777667389156 146000.0 349
1777667404396 146100.0 350
1777667419418 146200.0 351
1777667434502 146300.0 352
1777667449596 146400.0 353
1777667464593 146500.0 354
1777667479722 146600.0 355
1777667494716 146700.0 356
1777667509501 146800.0 357
1777667524555 146900.0 358
1777667539712 147000.0 359
1777667554696 147100.0 360
1777667569672 147200.0 361
1777667584522 147300.0 362
1777667599467 147400.0 363
1777667614172 147500.0 364
1777667629263 147600.0 365
1777667644078 147700.0 366
1777667658960 147800.0 367
1777667673799 147900.0 368
1777667688663 148000.0 369
1777667703969 148100.0 370
1777667718744 148200.0 371
1777667733864 148300.0 372
1777667748630 148400.0 373
1777667763543 148500.0 374
1777667778321 148600.0 375
1777667792917 148700.0 376
1777667808147 148800.0 377
1777667823117 148900.0 378
1777667838328 149000.0 379
1777667853377 149100.0 380
1777667868410 149200.0 381
1777667883811 149300.0 382
1777667898488 149400.0 383
1777667913441 149500.0 384
1777667928386 149600.0 385
1777667943264 149700.0 386
1777667958578 149800.0 387
1777667973826 149900.0 388
1777667988677 150000.0 389
1777668003691 150100.0 390
1777668018604 150200.0 391
1777668033711 150300.0 392
1777668048936 150400.0 393
1777668064102 150500.0 394
1777668078976 150600.0 395
1777668093931 150700.0 396
1777668108950 150800.0 397
1777668124130 150900.0 398
1777668139122 151000.0 399
1777668154057 151100.0 400
1777668169150 151200.0 401
1777668183891 151300.0 402
1777668198642 151400.0 403
1777668213796 151500.0 404
1777668228736 151600.0 405
1777668243620 151700.0 406
1777668258760 151800.0 407
1777668273282 151900.0 408
1777668288491 152000.0 409
1777668303338 152100.0 410
1777668318649 152200.0 411
1777668333560 152300.0 412
1777668348601 152400.0 413
1777668363360 152500.0 414
1777668378388 152600.0 415
1777668393245 152700.0 416
1777668408293 152800.0 417
1777668423402 152900.0 418
1777668438274 153000.0 419
1777668453409 153100.0 420
1777668468489 153200.0 421
1777668483648 153300.0 422
1777668498862 153400.0 423
1777668513955 153500.0 424
1777668528759 153600.0 425
1777668543701 153700.0 426
1777668558905 153800.0 427
1777668573420 153900.0 428
1777668588545 154000.0 429
1777668603809 154100.0 430
1777668619037 154200.0 431
1777668633839 154300.0 432
1777668648799 154400.0 433
1777668663570 154500.0 434
1777668678289 154600.0 435
1777668692997 154700.0 436
1777668708037 154800.0 437
1777668722803 154900.0 438
1777668737892 155000.0 439
1777668752944 155100.0 440
1777668767968 155200.0 441
1777668782829 155300.0 442
1777668797927 155400.0 443
1777668812928 155500.0 444
1777668827879 155600.0 445
1777668842772 155700.0 446
1777668857973 155800.0 447
1777668873208 155900.0 448
1777668888304 156000.0 449
1777668903136 156100.0 450
1777668918282 156200.0 451
1777668933505 156300.0 452
1777668948329 156400.0 453
1777668963086 156500.0 454
1777668978089 156600.0 455
1777668993041 156700.0 456
1777669007945 156800.0 457
1777669022621 156900.0 458
1777669037477 157000.0 459
1777669052561 157100.0 460
1777669067608 157200.0 461
1777669082265 157300.0 462
1777669097067 157400.0 463
1777669112084 157500.0 464
1777669126973 157600.0 465
1777669141908 157700.0 466
1777669157100 157800.0 467
1777669171728 157900.0 468
1777669186666 158000.0 469
1777669201613 158100.0 470
1777669216409 158200.0 471
1777669231948 158300.0 472
1777669246709 158400.0 473
1777669261748 158500.0 474
1777669277084 158600.0 475
1777669292054 158700.0 476
1777669306927 158800.0 477
1777669322115 158900.0 478
1777669337184 159000.0 479
1777669352175 159100.0 480
1777669367279 159200.0 481
1777669382164 159300.0 482
1777669397313 159400.0 483
1777669412235 159500.0 484
1777669427195 159600.0 485
1777669442108 159700.0 486
1777669456852 159800.0 487
1777669471974 159900.0 488
1777669486781 160000.0 489
1777669501892 160100.0 490
1777669516896 160200.0 491
1777669531822 160300.0 492
1777669546830 160400.0 493
1777669561787 160500.0 494
1777669576699 160600.0 495
1777669591699 160700.0 496
1777669606426 160800.0 497
1777669621832 160900.0 498
1777669636646 161000.0 499
1777669651746 161100.0 500
1777669666566 161200.0 501
1777669681501 161300.0 502
1777669696380 161400.0 503
1777669711376 161500.0 504
1777669726268 161600.0 505
1777669741397 161700.0 506
1777669756374 161800.0 507
1777669771324 161900.0 508
1777669786000 162000.0 509
1777669801017 162100.0 510
1777669815658 162200.0 511
1777669830441 162300.0 512
1777669845024 162400.0 513
1777669860251 162500.0 514
1777669875044 162600.0 515
1777669889706 162700.0 516
1777669904560 162800.0 517
1777669919509 162900.0 518
1777669934411 163000.0 519
1777669949165 163100.0 520
1777669963902 163200.0 521
1777669978785 163300.0 522
1777669993709 163400.0 523
1777670008732 163500.0 524
1777670023343 163600.0 525
1777670038258 163700.0 526
1777670052987 163800.0 527
1777670067977 163900.0 528
1777670083023 164000.0 529
1777670097982 164100.0 530
1777670112906 164200.0 531
1777670127639 164300.0 532
1777670142451 164400.0 533
1777670157062 164500.0 534
1777670171843 164600.0 535
1777670186916 164700.0 536
1777670201544 164800.0 537
1777670216012 164900.0 538
1777670230645 165000.0 539
1777670245498 165100.0 540
1777670260388 165200.0 541
1777670275174 165300.0 542
1777670289870 165400.0 543
1777670304524 165500.0 544
1777670319220 165600.0 545
1777670334285 165700.0 546
1777670349198 165800.0 547
1777670363845 165900.0 548
1777670378470 166000.0 549
1777670393714 166100.0 550
1777670408583 166200.0 551
1777670423390 166300.0 552
1777670438175 166400.0 553
1777670452771 166500.0 554
1777670467328 166600.0 555
1777670481901 166700.0 556
1777670496905 166800.0 557
1777670511692 166900.0 558
1777670526875 167000.0 559
1777670541857 167100.0 560
1777670556642 167200.0 561
1777670571336 167300.0 562
1777670586103 167400.0 563
1777670600933 167500.0 564
1777670615574 167600.0 565
1777670630235 167700.0 566
1777670644991 167800.0 567
1777670659827 167900.0 568
1777670674763 168000.0 569
1777670689447 168100.0 570
1777670704498 168200.0 571
1777670719380 168300.0 572
1777670734422 168400.0 573
1777670749277 168500.0 574
1777670764325 168600.0 575
1777670779161 168700.0 576
1777670794027 168800.0 577
1777670808942 168900.0 578
1777670823809 169000.0 579
1777670838913 169100.0 580
1777670853801 169200.0 581
1777670868608 169300.0 582
1777670883436 169400.0 583
1777670898561 169500.0 584
1777670913364 169600.0 585
1777670928370 169700.0 586
1777670943315 169800.0 587
1777670958059 169900.0 588
1777670973203 170000.0 589
1777670987875 170100.0 590
1777671002612 170200.0 591
1777671017399 170300.0 592
1777671032163 170400.0 593
1777671047097 170500.0 594
1777671062054 170600.0 595
1777671076895 170700.0 596
1777671092117 170800.0 597
1777671107017 170900.0 598
1777671122044 171000.0 599
1777671137186 171100.0 600
1777671151861 171200.0 601
1777671167000 171300.0 602
1777671181909 171400.0 603
1777671196801 171500.0 604
1777671211697 171600.0 605
1777671226229 171700.0 606
1777671240903 171800.0 607
1777671256124 171900.0 608
1777671270955 172000.0 609
1777671285896 172100.0 610
1777671300829 172200.0 611
1777671315819 172300.0 612
1777671330652 172400.0 613
1777671345751 172500.0 614
1777671360734 172600.0 615
1777671375563 172700.0 616
1777671390542 172800.0 617
1777671405381 172900.0 618
1777671420471 173000.0 619
1777671435781 173100.0 620
1777671450550 173200.0 621
1777671465301 173300.0 622
1777671480029 173400.0 623
1777671494697 173500.0 624
1777671509871 173600.0 625
1777671524447 173700.0 626
1777671539521 173800.0 627
1777671554673 173900.0 628
1777671569586 174000.0 629
1777671584412 174100.0 630
1777671599386 174200.0 631
1777671614097 174300.0 632
1777671628634 174400.0 633
1777671643098 174500.0 634
1777671657647 174600.0 635
1777671672449 174700.0 636
1777671687555 174800.0 637
1777671702574 174900.0 638
1777671717321 175000.0 639
1777671732264 175100.0 640
1777671747226 175200.0 641
1777671762327 175300.0 642
1777671777029 175400.0 643
1777671792114 175500.0 644
1777671807027 175600.0 645
1777671822034 175700.0 646
1777671836944 175800.0 647
1777671851863 175900.0 648
1777671866988 176000.0 649
1777671882098 176100.0 650
1777671896857 176200.0 651
1777671911926 176300.0 652
1777671926649 176400.0 653
1777671941784 176500.0 654
1777671956529 176600.0 655
1777671971242 176700.0 656
1777671985863 176800.0 657
1777672000693 176900.0 658
1777672015417 177000.0 659
1777672030618 177100.0 660
1777672045558 177200.0 661
1777672060492 177300.0 662
1777672075181 177400.0 663
1777672089828 177500.0 664
1777672104561 177600.0 665
1777672119117 177700.0 666
1777672134143 177800.0 667
1777672149249 177900.0 668
1777672164132 178000.0 669
1777672178953 178100.0 670
1777672193687 178200.0 671
1777672209155 178300.0 672
1777672223733 178400.0 673
1777672238770 178500.0 674
1777672253550 178600.0 675
1777672268593 178700.0 676
1777672283221 178800.0 677
1777672298387 178900.0 678
1777672313176 179000.0 679
1777672328040 179100.0 680
1777672342833 179200.0 681
1777672357790 179300.0 682
1777672372511 179400.0 683
1777672387523 179500.0 684
1777672402448 179600.0 685
1777672416953 179700.0 686
1777672431606 179800.0 687
1777672446493 179900.0 688
1777672461423 180000.0 689
1777672476324 180100.0 690
1777672491351 180200.0 691
1777672506166 180300.0 692
1777672520834 180400.0 693
1777672535514 180500.0 694
1777672550017 180600.0 695
1777672564948 180700.0 696
1777672579313 180800.0 697
1777672594215 180900.0 698
1777672609125 181000.0 699
1777672624111 181100.0 700
1777672639295 181200.0 701
1777672654186 181300.0 702
1777672669346 181400.0 703
1777672684297 181500.0 704
1777672699515 181600.0 705
1777672714359 181700.0 706
1777672729263 181800.0 707
1777672744224 181900.0 708
1777672759238 182000.0 709
1777672774263 182100.0 710
1777672788894 182200.0 711
1777672804073 182300.0 712
1777672819013 182400.0 713
1777672833995 182500.0 714
1777672849075 182600.0 715
1777672863942 182700.0 716
1777672879020 182800.0 717
1777672893868 182900.0 718
1777672908784 183000.0 719
1777672923708 183100.0 720
1777672938760 183200.0 721
1777672953549 183300.0 722
1777672968455 183400.0 723
1777672983248 183500.0 724
1777672998713 183600.0 725
1777673013729 183700.0 726
1777673028868 183800.0 727
1777673043502 183900.0 728
1777673058611 184000.0 729
1777673073501 184100.0 730
1777673088470 184200.0 731
1777673103461 184300.0 732
1777673118298 184400.0 733
1777673133147 184500.0 734
1777673147856 184600.0 735
1777673162643 184700.0 736
1777673177608 184800.0 737
1777673192266 184900.0 738
1777673206794 185000.0 739
1777673221715 185100.0 740
1777673236671 185200.0 741
1777673251263 185300.0 742
1777673266190 185400.0 743
1777673281132 185500.0 744
1777673295917 185600.0 745
1777673310868 185700.0 746
1777673325639 185800.0 747
1777673340195 185900.0 748
1777673354901 186000.0 749
1777673370214 186100.0 750
1777673384858 186200.0 751
1777673399683 186300.0 752
1777673414542 186400.0 753
1777673429183 186500.0 754
1777673444061 186600.0 755
1777673458678 186700.0 756
1777673473627 186800.0 757
1777673488125 186900.0 758
1777673503168 187000.0 759
1777673517765 187100.0 760
1777673532698 187200.0 761
1777673547451 187300.0 762
1777673562177 187400.0 763
1777673577114 187500.0 764
1777673592052 187600.0 765
1777673606880 187700.0 766
1777673621573 187800.0 767
1777673636353 187900.0 768
1777673651024 188000.0 769
1777673665862 188100.0 770
1777673680756 188200.0 771
1777673695683 188300.0 772
1777673710579 188400.0 773
1777673725153 188500.0 774
1777673739890 188600.0 775
1777673754784 188700.0 776
1777673769580 188800.0 777
1777673784677 188900.0 778
1777673799550 189000.0 779
1777673814183 189100.0 780
1777673828970 189200.0 781
1777673843871 189300.0 782
1777673858823 189400.0 783
1777673873702 189500.0 784
1777673888506 189600.0 785
1777673903141 189700.0 786
1777673917863 189800.0 787
1777673932621 189900.0 788
1777673947677 190000.0 789
1777673962478 190100.0 790
1777673977105 190200.0 791
1777673991754 190300.0 792
1777674006214 190400.0 793
1777674020605 190500.0 794
1777674035229 190600.0 795
1777674049857 190700.0 796
1777674064632 190800.0 797
1777674079593 190900.0 798
1777674094240 191000.0 799
1777674108901 191100.0 800
1777674123597 191200.0 801
1777674138352 191300.0 802
1777674153252 191400.0 803
1777674168294 191500.0 804
1777674183225 191600.0 805
1777674198020 191700.0 806
1777674213129 191800.0 807
1777674228114 191900.0 808
1777674242627 192000.0 809
1777674257551 192100.0 810
1777674272250 192200.0 811
1777674286904 192300.0 812
1777674301618 192400.0 813
1777674316641 192500.0 814
1777674331450 192600.0 815
1777674346402 192700.0 816
1777674361387 192800.0 817
1777674376493 192900.0 818
1777674391052 193000.0 819
1777674406043 193100.0 820
1777674420889 193200.0 821
1777674435766 193300.0 822
1777674450641 193400.0 823
1777674465509 193500.0 824
1777674480332 193600.0 825
1777674495126 193700.0 826
1777674509643 193800.0 827
1777674524152 193900.0 828
1777674539383 194000.0 829
1777674553956 194100.0 830
1777674568554 194200.0 831
1777674583411 194300.0 832
1777674598230 194400.0 833
1777674613000 194500.0 834
1777674627836 194600.0 835
1777674642650 194700.0 836
1777674657603 194800.0 837
1777674672548 194900.0 838
1777674687355 195000.0 839
1777674702260 195100.0 840
1777674717060 195200.0 841
1777674731966 195300.0 842
1777674746951 195400.0 843
1777674761528 195500.0 844
1777674776450 195600.0 845
1777674791492 195700.0 846
1777674806252 195800.0 847
1777674820797 195900.0 848
1777674835619 196000.0 849
1777674850394 196100.0 850
1777674865079 196200.0 851
1777674880119 196300.0 852
1777674894485 196400.0 853
1777674909155 196500.0 854
1777674923761 196600.0 855
1777674938508 196700.0 856
1777674953608 196800.0 857
1777674968545 196900.0 858
1777674983308 197000.0 859
1777674998041 197100.0 860
1777675013321 197200.0 861
1777675028098 197300.0 862
1777675043046 197400.0 863
1777675057630 197500.0 864
1777675072417 197600.0 865
1777675087296 197700.0 866
1777675102124 197800.0 867
1777675116822 197900.0 868
1777675131682 198000.0 869
1777675146611 198100.0 870
1777675161491 198200.0 871
1777675176402 198300.0 872
1777675191299 198400.0 873
1777675206367 198500.0 874
1777675221336 198600.0 875
1777675236024 198700.0 876
1777675250954 198800.0 877
1777675265973 198900.0 878
1777675281016 199000.0 879
1777675295743 199100.0 880
1777675310972 199200.0 881
1777675326036 199300.0 882
1777675340833 199400.0 883
1777675355656 199500.0 884
1777675370795 199600.0 885
1777675385626 199700.0 886
1777675400740 199800.0 887
1777675415457 199900.0 888
1777675430293 200000.0 889
1777675445151 200100.0 890
1777675460250 200200.0 891
1777675474932 200300.0 892
1777675489620 200400.0 893
1777675504558 200500.0 894
1777675519457 200600.0 895
1777675534213 200700.0 896
1777675548870 200800.0 897
1777675563892 200900.0 898
1777675578516 201000.0 899
1777675593256 201100.0 900
1777675608088 201200.0 901
1777675623133 201300.0 902
1777675638014 201400.0 903
1777675653109 201500.0 904
1777675667657 201600.0 905
1777675682428 201700.0 906
1777675697258 201800.0 907
1777675712270 201900.0 908
1777675726832 202000.0 909
1777675741594 202100.0 910
1777675756542 202200.0 911
1777675771124 202300.0 912
1777675785667 202400.0 913
1777675800984 202500.0 914
1777675815563 202600.0 915
1777675830504 202700.0 916
1777675845084 202800.0 917
1777675859862 202900.0 918
1777675874697 203000.0 919
1777675889616 203100.0 920
1777675904412 203200.0 921
1777675919129 203300.0 922
1777675934010 203400.0 923
1777675948938 203500.0 924
1777675963905 203600.0 925
1777675978829 203700.0 926
1777675993738 203800.0 927
1777676008642 203900.0 928
1777676023460 204000.0 929
1777676038422 204100.0 930
1777676053323 204200.0 931
1777676068082 204300.0 932
1777676082742 204400.0 933
1777676097936 204500.0 934
1777676112565 204600.0 935
1777676127483 204700.0 936
1777676142220 204800.0 937
1777676156986 204900.0 938
1777676172154 205000.0 939
1777676187012 205100.0 940
1777676201994 205200.0 941
1777676216927 205300.0 942
1777676231605 205400.0 943
1777676246387 205500.0 944
1777676261412 205600.0 945
1777676276206 205700.0 946
1777676290855 205800.0 947
1777676305824 205900.0 948
1777676320712 206000.0 949
1777676335701 206100.0 950
1777676350323 206200.0 951
1777676365265 206300.0 952
1777676380190 206400.0 953
1777676395073 206500.0 954
1777676410093 206600.0 955
1777676424865 206700.0 956
1777676439600 206800.0 957
1777676454310 206900.0 958
1777676469730 207000.0 959
1777676484464 207100.0 960
1777676499350 207200.0 961
1777676513938 207300.0 962
1777676529053 207400.0 963
1777676543616 207500.0 964
1777676558377 207600.0 965
1777676572980 207700.0 966
1777676588148 207800.0 967
1777676603049 207900.0 968
1777676617776 208000.0 969
1777676632638 208100.0 970
1777676648002 208200.0 971
1777676662678 208300.0 972
1777676677514 208400.0 973
1777676692390 208500.0 974
1777676707189 208600.0 975
1777676721982 208700.0 976
1777676736682 208800.0 977
1777676751222 208900.0 978
1777676766332 209000.0 979
1777676781135 209100.0 980
1777676796095 209200.0 981
1777676810787 209300.0 982
1777676825472 209400.0 983
1777676839972 209500.0 984
1777676854883 209600.0 985
1777676869464 209700.0 986
1777676884297 209800.0 987
1777676899114 209900.0 988
1777676913595 210000.0 989
1777676928209 210100.0 990
1777676943326 210200.0 991
1777676958204 210300.0 992
1777676972940 210400.0 993
1777676987793 210500.0 994
1777677002389 210600.0 995
1777677017056 210700.0 996
1777677032005 210800.0 997
1777677046618 210900.0 998
1777677061204 211000.0 999
