1775761699853 31.29816246032715 1
1775761700991 30.629980087280273 2
1775761702498 31.30968475341797 3
1775761703698 31.291221618652344 4
1775761704786 30.81108283996582 5
1775761706172 31.28957748413086 6
1775761707358 31.236482620239258 7
1775761708443 30.642976760864258 8
1775761709803 31.451025009155273 9
1775761710965 31.295326232910156 10
1775761712066 30.618270874023438 11
1775761713492 31.282146453857422 12
1775761714689 31.405193328857422 13
1775761715858 30.62127113342285 14
1775761717258 31.292226791381836 15
1775761718516 31.263076782226562 16
1775761719631 30.56304931640625 17
1775761721036 31.32874298095703 18
1775761722251 31.29644203186035 19
1775761723352 30.62590980529785 20
1775761724751 31.305946350097656 21
1775761726043 31.29351806640625 22
1775761727149 30.551061630249023 23
1775761728521 31.293373107910156 24
1775761729763 31.264982223510742 25
1775761730868 30.599287033081055 26
1775761732276 31.287118911743164 27
1775761733478 31.29448890686035 28
1775761734578 30.55805778503418 29
1775761735941 31.307382583618164 30
1775761737127 31.29969024658203 31
1775761738306 30.618736267089844 32
1775761739718 31.319496154785156 33
1775761740913 31.295028686523438 34
1775761741991 30.632240295410156 35
1775761743358 31.280763626098633 36
1775761744629 31.294708251953125 37
1775761745727 30.620939254760742 38
1775761747243 31.29425621032715 39
1775761748462 31.292564392089844 40
1775761749589 30.618125915527344 41
1775761750997 31.294647216796875 42
1775761752232 31.40540313720703 43
1775761753452 30.61925506591797 44
1775761754858 31.269859313964844 45
1775761756176 31.299503326416016 46
1775761757307 30.60671615600586 47
1775761758747 31.3008975982666 48
1775761760013 31.292449951171875 49
1775761761150 30.69904136657715 50
1775761762547 31.23346519470215 51
1775761763818 31.29248046875 52
1775761764937 30.62200927734375 53
1775761766358 31.291501998901367 54
1775761767593 31.297149658203125 55
1775761768733 30.69038200378418 56
1775761770161 31.271591186523438 57
1775761771391 31.29733657836914 58
1775761772498 30.62480354309082 59
1775761774000 31.29088592529297 60
1775761775253 31.295814514160156 61
1775761776440 30.620098114013672 62
1775761777876 31.29334259033203 63
1775761779097 31.297470092773438 64
1775761780211 30.626548767089844 65
1775761781630 31.288908004760742 66
1775761782868 31.291513442993164 67
1775761783981 30.62225341796875 68
1775761785387 31.286781311035156 69
1775761786620 31.23699951171875 70
1775761787787 30.722476959228516 71
1775761789297 31.29204750061035 72
1775761790543 31.29438591003418 73
1775761791650 30.629962921142578 74
1775761793048 31.332956314086914 75
1775761794275 31.297149658203125 76
1775761795401 30.665937423706055 77
1775761796809 31.33257484436035 78
1775761798044 31.32406234741211 79
1775761799161 30.628507614135742 80
1775761800540 31.31621742248535 81
1775761801856 31.299041748046875 82
1775761802967 30.625381469726562 83
1775761804357 31.33498191833496 84
1775761805598 31.29901123046875 85
1775761806713 30.617868423461914 86
1775761808093 31.28754234313965 87
1775761809327 31.29723358154297 88
1775761810444 30.559295654296875 89
1775761811838 31.30752944946289 90
1775761813070 31.29543685913086 91
1775761814220 30.626710891723633 92
1775761815788 31.40749740600586 93
1775761817227 31.299156188964844 94
1775761818486 30.624549865722656 95
1775761820046 31.28575897216797 96
1775761821396 31.29755210876465 97
1775761822580 30.622520446777344 98
1775761823973 31.415430068969727 99
1775761825316 31.323087692260742 100
