1775761699853 101.0 1
1775761700991 101.0 2
1775761702498 101.0 3
1775761703698 101.0 4
1775761704786 101.0 5
1775761706172 101.0 6
1775761707358 101.0 7
1775761708443 101.0 8
1775761709803 101.0 9
1775761710965 101.0 10
1775761712066 101.0 11
1775761713492 101.0 12
1775761714689 101.0 13
1775761715858 101.0 14
1775761717258 101.0 15
1775761718516 101.0 16
1775761719631 101.0 17
1775761721036 101.0 18
1775761722251 101.0 19
1775761723352 101.0 20
1775761724751 101.0 21
1775761726043 101.0 22
1775761727149 101.0 23
1775761728521 101.0 24
1775761729763 101.0 25
1775761730868 101.0 26
1775761732276 101.0 27
1775761733478 101.0 28
1775761734578 101.0 29
1775761735941 101.0 30
1775761737127 101.0 31
1775761738306 101.0 32
1775761739718 101.0 33
1775761740913 101.0 34
1775761741991 101.0 35
1775761743358 101.0 36
1775761744629 101.0 37
1775761745727 101.0 38
1775761747243 101.0 39
1775761748462 101.0 40
1775761749589 101.0 41
1775761750997 101.0 42
1775761752232 101.0 43
1775761753452 101.0 44
1775761754858 101.0 45
1775761756176 101.0 46
1775761757307 101.0 47
1775761758747 101.0 48
1775761760013 101.0 49
1775761761150 101.0 50
1775761762547 101.0 51
1775761763818 101.0 52
1775761764937 101.0 53
1775761766358 101.0 54
1775761767593 101.0 55
1775761768733 101.0 56
1775761770161 101.0 57
1775761771391 101.0 58
1775761772498 101.0 59
1775761774000 101.0 60
1775761775253 101.0 61
1775761776440 101.0 62
1775761777876 101.0 63
1775761779097 101.0 64
1775761780211 101.0 65
1775761781630 101.0 66
1775761782868 101.0 67
1775761783981 101.0 68
1775761785387 101.0 69
1775761786620 101.0 70
1775761787787 101.0 71
1775761789297 101.0 72
1775761790543 101.0 73
1775761791650 101.0 74
1775761793048 101.0 75
1775761794275 101.0 76
1775761795401 101.0 77
1775761796809 101.0 78
1775761798044 101.0 79
1775761799161 101.0 80
1775761800540 101.0 81
1775761801856 101.0 82
1775761802967 101.0 83
1775761804357 101.0 84
1775761805598 101.0 85
1775761806713 101.0 86
1775761808093 101.0 87
1775761809327 101.0 88
1775761810444 101.0 89
1775761811838 101.0 90
1775761813070 101.0 91
1775761814220 101.0 92
1775761815788 101.0 93
1775761817227 101.0 94
1775761818486 101.0 95
1775761820046 101.0 96
1775761821396 101.0 97
1775761822580 101.0 98
1775761823973 101.0 99
1775761825316 101.0 100
