1775761699853 0.3470068681240086 1
1775761700991 5.023675376772882 2
1775761702498 13.367734816148879 3
1775761703698 0.3353888797760014 4
1775761704786 2.6936243448406465 5
1775761706172 13.332905914857985 6
1775761707358 0.37839819073677106 7
1775761708443 5.505122238993646 8
1775761709803 11.49943624176085 9
1775761710965 0.36009420037269635 10
1775761712066 4.992926584780218 11
1775761713492 13.345007468238475 12
1775761714689 -1.8282447415590255 13
1775761715858 4.9954321554303185 14
1775761717258 13.350028958395125 15
1775761718516 0.35898224592208905 16
1775761719631 5.01504218041897 17
1775761721036 13.343870800212027 18
1775761722251 0.3591080117225651 19
1775761723352 5.009129712581636 20
1775761724751 13.351281862929465 21
1775761726043 0.3382795411348347 22
1775761727149 5.090289877951147 23
1775761728521 13.354870315864684 24
1775761729763 0.3242434519529347 25
1775761730868 5.010904195010664 26
1775761732276 13.361493583992125 27
1775761733478 0.3511034506559376 28
1775761734578 5.522727215886118 29
1775761735941 13.360782619789244 30
1775761737127 0.36147845864296 31
1775761738306 5.095900351405145 32
1775761739718 13.326631684079768 33
1775761740913 0.3573680180311207 34
1775761741991 5.101322533786298 35
1775761743358 13.369227733686568 36
1775761744629 0.36155584037303967 37
1775761745727 4.997320460379125 38
1775761747243 13.351445134952666 39
1775761748462 0.3394722449779515 40
1775761749589 4.998711766898634 41
1775761750997 13.353746239319445 42
1775761752232 -1.821861993074414 43
1775761753452 5.0965266174078 44
1775761754858 13.367935847714545 45
1775761756176 0.35949448823928876 46
1775761757307 5.01923376530409 47
1775761758747 13.379694041088225 48
1775761760013 0.33834729671478314 49
1775761761150 5.011958057284357 50
1775761762547 13.361020293310286 51
1775761763818 0.3430861043930058 52
1775761764937 5.0356345272064225 53
1775761766358 13.341167118623854 54
1775761767593 0.35277725338935895 55
1775761768733 4.955927247405054 56
1775761770161 13.363683101013304 57
1775761771391 0.35401872873306317 58
1775761772498 4.998833799958231 59
1775761774000 13.331116821840407 60
1775761775253 0.34119222640991254 61
1775761776440 5.511810416579248 62
1775761777876 13.349097084477545 63
1775761779097 0.36324303925037427 64
1775761780211 5.003174262344839 65
1775761781630 13.327151756957175 66
1775761782868 0.34492288112640423 67
1775761783981 5.009806426465513 68
1775761785387 13.329921540096404 69
1775761786620 0.3933621603250508 70
1775761787787 3.2292102251201875 71
1775761789297 13.362775903418662 72
1775761790543 0.3509710687398915 73
1775761791650 5.01217265635729 74
1775761793048 13.34915980346501 75
1775761794275 0.35277725338935895 76
1775761795401 5.009297447502615 77
1775761796809 13.317213412597777 78
1775761798044 0.3545973259210591 79
1775761799161 4.982066216170789 80
1775761800540 13.361471843197943 81
1775761801856 0.3604453015327458 82
1775761802967 5.00773955345154 83
1775761804357 13.36341681726277 84
1775761805598 0.38004523098468823 85
1775761806713 5.095187144577505 86
1775761808093 13.329323556497695 87
1775761809327 0.35472143769264264 88
1775761810444 5.018187450468542 89
1775761811838 13.35766352362931 90
1775761813070 0.34772266030311627 91
1775761814220 5.020443545877935 92
1775761815788 11.529747215285898 93
1775761817227 0.35867057323455853 94
1775761818486 5.005863012969495 95
1775761820046 13.361609574630858 96
1775761821396 0.3542312490940098 97
1775761822580 4.989640424251558 98
1775761823973 11.531857547536493 99
1775761825316 0.3517358410358433 100
