1775761699853 0.0 1
1775761700991 0.0 2
1775761702498 0.0 3
1775761703698 0.0 4
1775761704786 0.0 5
1775761706172 0.0 6
1775761707358 0.0 7
1775761708443 0.0 8
1775761709803 0.0 9
1775761710965 0.0 10
1775761712066 0.0 11
1775761713492 0.0 12
1775761714689 0.0 13
1775761715858 0.0 14
1775761717258 0.0 15
1775761718516 0.0 16
1775761719631 0.0 17
1775761721036 0.0 18
1775761722251 0.0 19
1775761723352 0.0 20
1775761724751 0.0 21
1775761726043 0.0 22
1775761727149 0.0 23
1775761728521 0.0 24
1775761729763 0.0 25
1775761730868 0.0 26
1775761732276 0.0 27
1775761733478 0.0 28
1775761734578 0.0 29
1775761735941 0.0 30
1775761737127 0.0 31
1775761738306 0.0 32
1775761739718 0.0 33
1775761740913 0.0 34
1775761741991 0.0 35
1775761743358 0.0 36
1775761744629 0.0 37
1775761745727 0.0 38
1775761747243 0.0 39
1775761748462 0.0 40
1775761749589 0.0 41
1775761750997 0.0 42
1775761752232 0.0 43
1775761753452 0.0 44
1775761754858 0.0 45
1775761756176 0.0 46
1775761757307 0.0 47
1775761758747 0.0 48
1775761760013 0.0 49
1775761761150 0.0 50
1775761762547 0.0 51
1775761763818 0.0 52
1775761764937 0.0 53
1775761766358 0.0 54
1775761767593 0.0 55
1775761768733 0.0 56
1775761770161 0.0 57
1775761771391 0.0 58
1775761772498 0.0 59
1775761774000 0.0 60
1775761775253 0.0 61
1775761776440 0.0 62
1775761777876 0.0 63
1775761779097 0.0 64
1775761780211 0.0 65
1775761781630 0.0 66
1775761782868 0.0 67
1775761783981 0.0 68
1775761785387 0.0 69
1775761786620 0.0 70
1775761787787 0.0 71
1775761789297 0.0 72
1775761790543 0.0 73
1775761791650 0.0 74
1775761793048 0.0 75
1775761794275 0.0 76
1775761795401 0.0 77
1775761796809 0.0 78
1775761798044 0.0 79
1775761799161 0.0 80
1775761800540 0.0 81
1775761801856 0.0 82
1775761802967 0.0 83
1775761804357 0.0 84
1775761805598 0.0 85
1775761806713 0.0 86
1775761808093 0.0 87
1775761809327 0.0 88
1775761810444 0.0 89
1775761811838 0.0 90
1775761813070 0.0 91
1775761814220 0.0 92
1775761815788 0.0 93
1775761817227 0.0 94
1775761818486 0.0 95
1775761820046 0.0 96
1775761821396 0.0 97
1775761822580 0.0 98
1775761823973 0.0 99
1775761825316 0.0 100
