1777014691112 nan 0
1777014693716 nan 1
1777014696650 nan 2
1777014699540 nan 3
1777014702323 nan 4
1777014705051 nan 5
1777014707896 nan 6
1777014710703 nan 7
1777014713431 nan 8
1777014716399 -1718.3458937847283 9
1777014718738 -1718.3458937847283 10
1777014721057 -1718.3458937847283 11
1777014723364 -1718.3458937847283 12
1777014725812 -1718.3458937847283 13
1777014728198 -1718.3458937847283 14
1777014742048 -1718.3458937847283 15
1777014756154 -1718.3458937847283 16
1777014768978 -1718.3458937847283 17
1777014781955 -1718.3458937847283 18
1777014796229 -1750.5362935912144 19
1777014809734 -1750.5362935912144 20
1777014823387 -1750.5362935912144 21
1777014837729 -1750.5362935912144 22
1777014852038 -1750.5362935912144 23
1777014864697 -1750.5362935912144 24
1777014877544 -1750.5362935912144 25
1777014890778 -1750.5362935912144 26
1777014903788 -1750.5362935912144 27
1777014916806 -1750.5362935912144 28
1777014929997 -1868.4921619862162 29
1777014943503 -1868.4921619862162 30
1777014956931 -1868.4921619862162 31
1777014970329 -1868.4921619862162 32
1777014983487 -1868.4921619862162 33
1777014996719 -1868.4921619862162 34
1777015010035 -1868.4921619862162 35
1777015023300 -1868.4921619862162 36
1777015036571 -1868.4921619862162 37
1777015049650 -1868.4921619862162 38
1777015063084 -1842.9123915951918 39
1777015076271 -1842.9123915951918 40
1777015089441 -1842.9123915951918 41
1777015102618 -1842.9123915951918 42
1777015115949 -1842.9123915951918 43
1777015129039 -1842.9123915951918 44
1777015142234 -1842.9123915951918 45
1777015155494 -1842.9123915951918 46
1777015168558 -1842.9123915951918 47
1777015181695 -1842.9123915951918 48
1777015195183 -1819.8378099886736 49
1777015208727 -1819.8378099886736 50
1777015222096 -1819.8378099886736 51
1777015235323 -1819.8378099886736 52
1777015248717 -1819.8378099886736 53
1777015262092 -1819.8378099886736 54
1777015275445 -1819.8378099886736 55
1777015288884 -1819.8378099886736 56
1777015302265 -1819.8378099886736 57
1777015315480 -1819.8378099886736 58
1777015329310 -1813.4682368397025 59
1777015342418 -1813.4682368397025 60
1777015355734 -1581.8847637841407 61
1777015368907 -1581.8847637841407 62
1777015382018 -1581.8847637841407 63
1777015395186 -1581.8847637841407 64
1777015408171 -1581.8847637841407 65
1777015421159 -1581.8847637841407 66
1777015434493 -1581.8847637841407 67
1777015447604 -1581.8847637841407 68
1777015460645 -1581.8847637841407 69
1777015473881 -1581.8847637841407 70
1777015486970 -1582.9601508399685 71
1777015500024 -1582.9601508399685 72
1777015513127 -1582.9601508399685 73
1777015526188 -1582.9601508399685 74
1777015539370 -1582.9601508399685 75
1777015552634 -1466.5032731561055 76
1777015565690 -1466.5032731561055 77
1777015579292 -1466.5032731561055 78
1777015592711 -1366.9185871930654 79
1777015605916 -1366.9185871930654 80
1777015619560 -1264.9130394548692 81
1777015632634 -1264.9130394548692 82
1777015645640 -1264.9130394548692 83
1777015658754 -1172.0714068292348 84
1777015671975 -1172.0714068292348 85
1777015685295 -1113.5035529972613 86
1777015698518 -1041.214943261804 87
1777015711686 -1041.214943261804 88
1777015725257 -980.2393628422693 89
1777015738875 -980.2393628422693 90
1777015752771 -936.7273830805111 91
1777015766037 -882.0571248876033 92
1777015779341 -882.0571248876033 93
1777015792612 -838.097140528936 94
1777015805793 -797.5216576325586 95
1777015819013 -797.5216576325586 96
1777015832471 -760.4093423437891 97
1777015846407 -729.0570915940744 98
1777015859561 -729.0570915940744 99
1777015872949 -699.8424441366483 100
1777015885929 -699.8424441366483 101
1777015899196 -673.4836089588206 102
1777015912599 -646.0989675058712 103
1777015926067 -619.9219106332914 104
1777015939390 -594.3208559009788 105
1777015952679 -579.3786666136626 106
1777015966138 -541.5392314242829 107
1777015979331 -520.8921691767152 108
1777015992508 -487.18206432364946 109
1777016005865 -457.36201143140806 110
1777016019296 -445.0532299705692 111
1777016032561 -418.5657419289224 112
1777016045672 -411.2742077036089 113
1777016058982 -386.200956573341 114
1777016072579 -366.3372241522328 115
1777016085821 -352.7373632852462 116
1777016098882 -343.4772965007014 117
1777016112332 -330.2405769326927 118
1777016125672 -314.7213618531356 119
1777016138850 -306.7050213030967 120
1777016152195 -297.5140466778015 121
1777016165456 -290.0343123298074 122
1777016178888 -287.86272248421164 123
1777016192111 -284.6677120962714 124
1777016205634 -282.19142665907515 125
1777016218595 -276.3176376570783 126
1777016231963 -266.39436438605156 127
1777016245279 -261.6225130594552 128
1777016258490 -262.3498725799921 129
1777016272013 -245.49700551758605 130
1777016285618 -236.89182944846326 131
1777016298904 -228.86253719955468 132
1777016312144 -224.8960672073722 133
1777016325619 -219.256408117588 134
1777016339131 -216.6043606646943 135
1777016352406 -214.34761810521118 136
1777016365956 -207.2576449370269 137
1777016379191 -203.33644513438588 138
1777016392649 -195.94067627807416 139
1777016405945 -189.16671385431474 140
1777016419375 -185.7225915387328 141
1777016433160 -184.21040007218255 142
1777016446373 -183.75266149564624 143
1777016459639 -179.308624025786 144
1777016472967 -174.075833388466 145
1777016486196 -169.14351716931168 146
1777016499623 -164.60084743147002 147
1777016513453 -161.97170957965378 148
1777016526906 -157.0772636504704 149
1777016540128 -120.63677647967411 150
1777016553524 -80.922527815989 151
1777016567021 -48.090052485710565 152
1777016580551 -28.82483268908847 153
1777016594197 -22.268297817369763 154
1777016607671 -15.34157503103495 155
1777016621072 -16.632094830604032 156
1777016634866 -12.849272986450966 157
1777016648362 -9.720704590145806 158
1777016661869 -8.305889957790988 159
1777016675284 -5.160274342972222 160
1777016689164 -2.6022381990197836 161
1777016702705 -0.6829511019865704 162
1777016716115 -0.48398221639595707 163
1777016729417 0.5031160354870972 164
1777016743393 -3.8892805548036766 165
1777016757021 -3.562306731288462 166
1777016770621 -4.353784429049839 167
1777016783865 -3.5831431990549145 168
1777016797347 -3.4196392163690796 169
1777016810994 -3.9567824051831426 170
1777016824330 -3.5766123461092434 171
1777016838365 -3.4280744423703022 172
1777016852027 -2.6443502805289176 173
1777016865478 -3.4267538682572503 174
1777016879015 -0.17819531520133836 175
1777016892348 -3.240607371222048 176
1777016905937 -7.492944175909077 177
1777016919579 -5.121414558810684 178
1777016932988 -5.620115094811504 179
1777016947074 -7.929248628268997 180
1777016961175 -7.163559691208992 181
1777016974694 -6.690661887515758 182
1777016988194 -4.800176071670714 183
1777017001839 -3.544472096976741 184
1777017015157 -1.7483171791777579 185
1777017029054 -2.6709462807675037 186
1777017042542 -2.9046096202725935 187
1777017056093 -2.9730621580178287 188
1777017070459 -3.1921828422070915 189
1777017084043 -3.6568809070508506 190
1777017097861 -4.498650449440221 191
1777017111407 -4.498650449440221 192
1777017124877 -2.326767108319534 193
1777017139348 -0.26772661870280656 194
1777017153765 -0.15886494822738478 195
1777017168521 -0.36048460767559876 196
1777017183143 -0.49930754821531276 197
1777017197972 1.3669779011209575 198
1777017213454 0.9751222861439252 199
