1777014691112 nan 0
1777014693716 nan 1
1777014696650 nan 2
1777014699540 nan 3
1777014702323 nan 4
1777014705051 nan 5
1777014707896 nan 6
1777014710703 nan 7
1777014713431 nan 8
1777014716399 1000.0 9
1777014718738 1000.0 10
1777014721057 1000.0 11
1777014723364 1000.0 12
1777014725812 1000.0 13
1777014728198 1000.0 14
1777014742048 1000.0 15
1777014756154 1000.0 16
1777014768978 1000.0 17
1777014781955 1000.0 18
1777014796229 1000.0 19
1777014809734 1000.0 20
1777014823387 1000.0 21
1777014837729 1000.0 22
1777014852038 1000.0 23
1777014864697 1000.0 24
1777014877544 1000.0 25
1777014890778 1000.0 26
1777014903788 1000.0 27
1777014916806 1000.0 28
1777014929997 1000.0 29
1777014943503 1000.0 30
1777014956931 1000.0 31
1777014970329 1000.0 32
1777014983487 1000.0 33
1777014996719 1000.0 34
1777015010035 1000.0 35
1777015023300 1000.0 36
1777015036571 1000.0 37
1777015049650 1000.0 38
1777015063084 1000.0 39
1777015076271 1000.0 40
1777015089441 1000.0 41
1777015102618 1000.0 42
1777015115949 1000.0 43
1777015129039 1000.0 44
1777015142234 1000.0 45
1777015155494 1000.0 46
1777015168558 1000.0 47
1777015181695 1000.0 48
1777015195183 1000.0 49
1777015208727 1000.0 50
1777015222096 1000.0 51
1777015235323 1000.0 52
1777015248717 1000.0 53
1777015262092 1000.0 54
1777015275445 1000.0 55
1777015288884 1000.0 56
1777015302265 1000.0 57
1777015315480 1000.0 58
1777015329310 1000.0 59
1777015342418 1000.0 60
1777015355734 883.0 61
1777015368907 883.0 62
1777015382018 883.0 63
1777015395186 883.0 64
1777015408171 883.0 65
1777015421159 883.0 66
1777015434493 883.0 67
1777015447604 883.0 68
1777015460645 883.0 69
1777015473881 883.0 70
1777015486970 897.625 71
1777015500024 897.625 72
1777015513127 897.625 73
1777015526188 897.625 74
1777015539370 897.625 75
1777015552634 848.2222222222222 76
1777015565690 848.2222222222222 77
1777015579292 848.2222222222222 78
1777015592711 790.8 79
1777015605916 790.8 80
1777015619560 744.7272727272727 81
1777015632634 744.7272727272727 82
1777015645640 744.7272727272727 83
1777015658754 703.1666666666666 84
1777015671975 703.1666666666666 85
1777015685295 663.7692307692307 86
1777015698518 624.7142857142857 87
1777015711686 624.7142857142857 88
1777015725257 594.8666666666667 89
1777015738875 594.8666666666667 90
1777015752771 573.75 91
1777015766037 543.5294117647059 92
1777015779341 543.5294117647059 93
1777015792612 523.5 94
1777015805793 503.7894736842105 95
1777015819013 503.7894736842105 96
1777015832471 485.65 97
1777015846407 470.5238095238095 98
1777015859561 470.5238095238095 99
1777015872949 456.1363636363636 100
1777015885929 456.1363636363636 101
1777015899196 444.2608695652174 102
1777015912599 430.7083333333333 103
1777015926067 417.76 104
1777015939390 405.0 105
1777015952679 393.2962962962963 106
1777015966138 371.0 107
1777015979331 360.7 108
1777015992508 343.5 109
1777016005865 326.47058823529414 110
1777016019296 319.25714285714287 111
1777016032561 305.1081081081081 112
1777016045672 298.8157894736842 113
1777016058982 286.575 114
1777016072579 276.1190476190476 115
1777016085821 265.79545454545456 116
1777016098882 261.31111111111113 117
1777016112332 252.70212765957447 118
1777016125672 244.79591836734693 119
1777016138850 240.98 120
1777016152195 234.55769230769232 121
1777016165456 231.33962264150944 122
1777016178888 228.33333333333334 123
1777016192111 226.63636363636363 124
1777016205634 223.96428571428572 125
1777016218595 221.0701754385965 126
1777016231963 216.59322033898306 127
1777016245279 213.95 128
1777016258490 212.40983606557376 129
1777016272013 204.65625 130
1777016285618 199.8030303030303 131
1777016298904 195.36764705882354 132
1777016312144 193.33333333333334 133
1777016325619 190.07042253521126 134
1777016339131 186.17808219178082 135
1777016352406 184.7972972972973 136
1777016365956 181.35526315789474 137
1777016379191 177.87179487179486 138
1777016392649 174.75 139
1777016405945 171.4878048780488 140
1777016419375 168.4404761904762 141
1777016433160 166.2674418604651 142
1777016446373 164.89655172413794 143
1777016459639 162.6629213483146 144
1777016472967 160.23076923076923 145
1777016486196 157.78494623655914 146
1777016499623 155.43157894736842 147
1777016513453 153.2680412371134 148
1777016526906 149.9 149
1777016540128 130.78 150
1777016553524 111.71 151
1777016567021 91.1 152
1777016580551 77.49 153
1777016594197 72.87 154
1777016607671 69.49 155
1777016621072 67.45 156
1777016634866 65.12 157
1777016648362 61.82 158
1777016661869 59.41 159
1777016675284 56.54 160
1777016689164 55.72 161
1777016702705 55.23 162
1777016716115 54.65 163
1777016729417 54.28 164
1777016743393 53.68 165
1777016757021 53.25 166
1777016770621 53.05 167
1777016783865 52.62 168
1777016797347 52.65 169
1777016810994 52.76 170
1777016824330 52.38 171
1777016838365 52.38 172
1777016852027 51.8 173
1777016865478 51.45 174
1777016879015 50.35 175
1777016892348 49.53 176
1777016905937 49.55 177
1777016919579 49.38 178
1777016932988 49.47 179
1777016947074 49.53 180
1777016961175 49.55 181
1777016974694 49.52 182
1777016988194 49.05 183
1777017001839 49.04 184
1777017015157 49.13 185
1777017029054 49.44 186
1777017042542 49.59 187
1777017056093 49.6 188
1777017070459 49.77 189
1777017084043 49.93 190
1777017097861 50.32 191
1777017111407 50.32 192
1777017124877 50.63 193
1777017139348 50.28 194
1777017153765 50.44 195
1777017168521 50.4 196
1777017183143 50.7 197
1777017197972 50.65 198
1777017213454 50.71 199
