1777014691112 nan 0
1777014693716 nan 1
1777014696650 nan 2
1777014699540 nan 3
1777014702323 nan 4
1777014705051 nan 5
1777014707896 nan 6
1777014710703 nan 7
1777014713431 nan 8
1777014716399 -1718.3458937847283 9
1777014718738 -1718.3458937847283 10
1777014721057 -1718.3458937847283 11
1777014723364 -1718.3458937847283 12
1777014725812 -1718.3458937847283 13
1777014728198 -1718.3458937847283 14
1777014742048 -1718.3458937847283 15
1777014756154 -1718.3458937847283 16
1777014768978 -1718.3458937847283 17
1777014781955 -1718.3458937847283 18
1777014796229 -1782.7266933977005 19
1777014809734 -1782.7266933977005 20
1777014823387 -1782.7266933977005 21
1777014837729 -1782.7266933977005 22
1777014852038 -1782.7266933977005 23
1777014864697 -1782.7266933977005 24
1777014877544 -1782.7266933977005 25
1777014890778 -1782.7266933977005 26
1777014903788 -1782.7266933977005 27
1777014916806 -1782.7266933977005 28
1777014929997 -2104.4038987762196 29
1777014943503 -2104.4038987762196 30
1777014956931 -2104.4038987762196 31
1777014970329 -2104.4038987762196 32
1777014983487 -2104.4038987762196 33
1777014996719 -2104.4038987762196 34
1777015010035 -2104.4038987762196 35
1777015023300 -2104.4038987762196 36
1777015036571 -2104.4038987762196 37
1777015049650 -2104.4038987762196 38
1777015063084 -2104.4038987762196 39
1777015076271 -2104.4038987762196 40
1777015089441 -2104.4038987762196 41
1777015102618 -2104.4038987762196 42
1777015115949 -2104.4038987762196 43
1777015129039 -2104.4038987762196 44
1777015142234 -2104.4038987762196 45
1777015155494 -2104.4038987762196 46
1777015168558 -2104.4038987762196 47
1777015181695 -2104.4038987762196 48
1777015195183 -2104.4038987762196 49
1777015208727 -2104.4038987762196 50
1777015222096 -2104.4038987762196 51
1777015235323 -2104.4038987762196 52
1777015248717 -2104.4038987762196 53
1777015262092 -2104.4038987762196 54
1777015275445 -2104.4038987762196 55
1777015288884 -2104.4038987762196 56
1777015302265 -2104.4038987762196 57
1777015315480 -2104.4038987762196 58
1777015329310 -2104.4038987762196 59
1777015342418 -2104.4038987762196 60
1777015355734 -2104.4038987762196 61
1777015368907 -2104.4038987762196 62
1777015382018 -2104.4038987762196 63
1777015395186 -2104.4038987762196 64
1777015408171 -2104.4038987762196 65
1777015421159 -2104.4038987762196 66
1777015434493 -2104.4038987762196 67
1777015447604 -2104.4038987762196 68
1777015460645 -2104.4038987762196 69
1777015473881 -2104.4038987762196 70
1777015486970 -2104.4038987762196 71
1777015500024 -2104.4038987762196 72
1777015513127 -2104.4038987762196 73
1777015526188 -2104.4038987762196 74
1777015539370 -2104.4038987762196 75
1777015552634 -2104.4038987762196 76
1777015565690 -2104.4038987762196 77
1777015579292 -2104.4038987762196 78
1777015592711 -2104.4038987762196 79
1777015605916 -2104.4038987762196 80
1777015619560 -2104.4038987762196 81
1777015632634 -2104.4038987762196 82
1777015645640 -2104.4038987762196 83
1777015658754 -2104.4038987762196 84
1777015671975 -2104.4038987762196 85
1777015685295 -2104.4038987762196 86
1777015698518 -2104.4038987762196 87
1777015711686 -2104.4038987762196 88
1777015725257 -2104.4038987762196 89
1777015738875 -2104.4038987762196 90
1777015752771 -2104.4038987762196 91
1777015766037 -2104.4038987762196 92
1777015779341 -2104.4038987762196 93
1777015792612 -2104.4038987762196 94
1777015805793 -2104.4038987762196 95
1777015819013 -2104.4038987762196 96
1777015832471 -2104.4038987762196 97
1777015846407 -2104.4038987762196 98
1777015859561 -2104.4038987762196 99
1777015872949 -2104.4038987762196 100
1777015885929 -2104.4038987762196 101
1777015899196 -2104.4038987762196 102
1777015912599 -2104.4038987762196 103
1777015926067 -2104.4038987762196 104
1777015939390 -2104.4038987762196 105
1777015952679 -2104.4038987762196 106
1777015966138 -2104.4038987762196 107
1777015979331 -2104.4038987762196 108
1777015992508 -2104.4038987762196 109
1777016005865 -2104.4038987762196 110
1777016019296 -2104.4038987762196 111
1777016032561 -2104.4038987762196 112
1777016045672 -2104.4038987762196 113
1777016058982 -2104.4038987762196 114
1777016072579 -2104.4038987762196 115
1777016085821 -2104.4038987762196 116
1777016098882 -2104.4038987762196 117
1777016112332 -2104.4038987762196 118
1777016125672 -2104.4038987762196 119
1777016138850 -2104.4038987762196 120
1777016152195 -2104.4038987762196 121
1777016165456 -2104.4038987762196 122
1777016178888 -2104.4038987762196 123
1777016192111 -2104.4038987762196 124
1777016205634 -2104.4038987762196 125
1777016218595 -2104.4038987762196 126
1777016231963 -2104.4038987762196 127
1777016245279 -2104.4038987762196 128
1777016258490 -2104.4038987762196 129
1777016272013 -2104.4038987762196 130
1777016285618 -2104.4038987762196 131
1777016298904 -2104.4038987762196 132
1777016312144 -2104.4038987762196 133
1777016325619 -2104.4038987762196 134
1777016339131 -2104.4038987762196 135
1777016352406 -2104.4038987762196 136
1777016365956 -2104.4038987762196 137
1777016379191 -2104.4038987762196 138
1777016392649 -2104.4038987762196 139
1777016405945 -2104.4038987762196 140
1777016419375 -2104.4038987762196 141
1777016433160 -2104.4038987762196 142
1777016446373 -2104.4038987762196 143
1777016459639 -2104.4038987762196 144
1777016472967 -2104.4038987762196 145
1777016486196 -2104.4038987762196 146
1777016499623 -2104.4038987762196 147
1777016513453 -2104.4038987762196 148
1777016526906 -2104.4038987762196 149
1777016540128 -2104.4038987762196 150
1777016553524 -1781.6203710948466 151
1777016567021 -1590.4878602307615 152
1777016580551 -470.6564135257046 153
1777016594197 -410.68930701357783 154
1777016607671 -312.1115839938078 155
1777016621072 -312.1115839938078 156
1777016634866 -312.1115839938078 157
1777016648362 -312.1115839938078 158
1777016661869 -312.1115839938078 159
1777016675284 -312.1115839938078 160
1777016689164 -312.1115839938078 161
1777016702705 -312.1115839938078 162
1777016716115 -312.1115839938078 163
1777016729417 -312.1115839938078 164
1777016743393 -312.1115839938078 165
1777016757021 -312.1115839938078 166
1777016770621 -312.1115839938078 167
1777016783865 -312.1115839938078 168
1777016797347 -312.1115839938078 169
1777016810994 -312.1115839938078 170
1777016824330 -312.1115839938078 171
1777016838365 -312.1115839938078 172
1777016852027 -312.1115839938078 173
1777016865478 -312.1115839938078 174
1777016879015 -312.1115839938078 175
1777016892348 -312.1115839938078 176
1777016905937 -312.1115839938078 177
1777016919579 -312.1115839938078 178
1777016932988 -312.1115839938078 179
1777016947074 -312.1115839938078 180
1777016961175 -312.1115839938078 181
1777016974694 -312.1115839938078 182
1777016988194 -312.1115839938078 183
1777017001839 -312.1115839938078 184
1777017015157 -312.1115839938078 185
1777017029054 -312.1115839938078 186
1777017042542 -312.1115839938078 187
1777017056093 -312.1115839938078 188
1777017070459 -312.1115839938078 189
1777017084043 -312.1115839938078 190
1777017097861 -312.1115839938078 191
1777017111407 -312.1115839938078 192
1777017124877 -208.98658198622962 193
1777017139348 -208.98658198622962 194
1777017153765 -208.98658198622962 195
1777017168521 -208.98658198622962 196
1777017183143 -208.98658198622962 197
1777017197972 -208.98658198622962 198
1777017213454 -208.98658198622962 199
