1777014691112 nan 0
1777014693716 nan 1
1777014696650 nan 2
1777014699540 nan 3
1777014702323 nan 4
1777014705051 nan 5
1777014707896 nan 6
1777014710703 nan 7
1777014713431 nan 8
1777014716399 -1718.3458937847283 9
1777014718738 -1718.3458937847283 10
1777014721057 -1718.3458937847283 11
1777014723364 -1718.3458937847283 12
1777014725812 -1718.3458937847283 13
1777014728198 -1718.3458937847283 14
1777014742048 -1718.3458937847283 15
1777014756154 -1718.3458937847283 16
1777014768978 -1718.3458937847283 17
1777014781955 -1718.3458937847283 18
1777014796229 -1718.3458937847283 19
1777014809734 -1718.3458937847283 20
1777014823387 -1718.3458937847283 21
1777014837729 -1718.3458937847283 22
1777014852038 -1718.3458937847283 23
1777014864697 -1718.3458937847283 24
1777014877544 -1718.3458937847283 25
1777014890778 -1718.3458937847283 26
1777014903788 -1718.3458937847283 27
1777014916806 -1718.3458937847283 28
1777014929997 -1718.3458937847283 29
1777014943503 -1718.3458937847283 30
1777014956931 -1718.3458937847283 31
1777014970329 -1718.3458937847283 32
1777014983487 -1718.3458937847283 33
1777014996719 -1718.3458937847283 34
1777015010035 -1718.3458937847283 35
1777015023300 -1718.3458937847283 36
1777015036571 -1718.3458937847283 37
1777015049650 -1718.3458937847283 38
1777015063084 -1718.3458937847283 39
1777015076271 -1718.3458937847283 40
1777015089441 -1718.3458937847283 41
1777015102618 -1718.3458937847283 42
1777015115949 -1718.3458937847283 43
1777015129039 -1718.3458937847283 44
1777015142234 -1718.3458937847283 45
1777015155494 -1718.3458937847283 46
1777015168558 -1718.3458937847283 47
1777015181695 -1718.3458937847283 48
1777015195183 -1718.3458937847283 49
1777015208727 -1718.3458937847283 50
1777015222096 -1718.3458937847283 51
1777015235323 -1718.3458937847283 52
1777015248717 -1718.3458937847283 53
1777015262092 -1718.3458937847283 54
1777015275445 -1718.3458937847283 55
1777015288884 -1718.3458937847283 56
1777015302265 -1718.3458937847283 57
1777015315480 -1718.3458937847283 58
1777015329310 -1718.3458937847283 59
1777015342418 -1718.3458937847283 60
1777015355734 -192.38392545077 61
1777015368907 -192.38392545077 62
1777015382018 -192.38392545077 63
1777015395186 -192.38392545077 64
1777015408171 -192.38392545077 65
1777015421159 -192.38392545077 66
1777015434493 -192.38392545077 67
1777015447604 -192.38392545077 68
1777015460645 -192.38392545077 69
1777015473881 -192.38392545077 70
1777015486970 -192.38392545077 71
1777015500024 -192.38392545077 72
1777015513127 -192.38392545077 73
1777015526188 -192.38392545077 74
1777015539370 -192.38392545077 75
1777015552634 -192.38392545077 76
1777015565690 -192.38392545077 77
1777015579292 -192.38392545077 78
1777015592711 -192.38392545077 79
1777015605916 -192.38392545077 80
1777015619560 -192.38392545077 81
1777015632634 -192.38392545077 82
1777015645640 -192.38392545077 83
1777015658754 -150.81344794725595 84
1777015671975 -150.81344794725595 85
1777015685295 -150.81344794725595 86
1777015698518 -101.46301670085873 87
1777015711686 -101.46301670085873 88
1777015725257 -101.46301670085873 89
1777015738875 -101.46301670085873 90
1777015752771 -101.46301670085873 91
1777015766037 -7.33299380107993 92
1777015779341 -7.33299380107993 93
1777015792612 -7.33299380107993 94
1777015805793 -7.33299380107993 95
1777015819013 -7.33299380107993 96
1777015832471 -7.33299380107993 97
1777015846407 -7.33299380107993 98
1777015859561 -7.33299380107993 99
1777015872949 -7.33299380107993 100
1777015885929 -7.33299380107993 101
1777015899196 -7.33299380107993 102
1777015912599 -7.33299380107993 103
1777015926067 8.327454308622986 104
1777015939390 45.70551240683479 105
1777015952679 45.70551240683479 106
1777015966138 55.24134254250255 107
1777015979331 77.87263600274736 108
1777015992508 77.87263600274736 109
1777016005865 77.87263600274736 110
1777016019296 77.87263600274736 111
1777016032561 77.87263600274736 112
1777016045672 77.87263600274736 113
1777016058982 93.62359648147998 114
1777016072579 93.62359648147998 115
1777016085821 93.62359648147998 116
1777016098882 93.62359648147998 117
1777016112332 93.62359648147998 118
1777016125672 93.62359648147998 119
1777016138850 93.62359648147998 120
1777016152195 93.62359648147998 121
1777016165456 98.9118737658849 122
1777016178888 98.9118737658849 123
1777016192111 98.9118737658849 124
1777016205634 98.9118737658849 125
1777016218595 98.9118737658849 126
1777016231963 98.9118737658849 127
1777016245279 98.9118737658849 128
1777016258490 98.9118737658849 129
1777016272013 111.71475269830137 130
1777016285618 111.71475269830137 131
1777016298904 111.71475269830137 132
1777016312144 111.71475269830137 133
1777016325619 111.71475269830137 134
1777016339131 111.71475269830137 135
1777016352406 111.71475269830137 136
1777016365956 111.71475269830137 137
1777016379191 111.71475269830137 138
1777016392649 111.71475269830137 139
1777016405945 111.71475269830137 140
1777016419375 111.71475269830137 141
1777016433160 111.71475269830137 142
1777016446373 111.71475269830137 143
1777016459639 111.71475269830137 144
1777016472967 111.71475269830137 145
1777016486196 111.71475269830137 146
1777016499623 111.71475269830137 147
1777016513453 111.71475269830137 148
1777016526906 111.71475269830137 149
1777016540128 111.71475269830137 150
1777016553524 111.71475269830137 151
1777016567021 111.71475269830137 152
1777016580551 111.71475269830137 153
1777016594197 111.71475269830137 154
1777016607671 111.71475269830137 155
1777016621072 111.71475269830137 156
1777016634866 111.71475269830137 157
1777016648362 111.71475269830137 158
1777016661869 111.71475269830137 159
1777016675284 111.71475269830137 160
1777016689164 111.71475269830137 161
1777016702705 119.44549326981222 162
1777016716115 119.44549326981222 163
1777016729417 119.44549326981222 164
1777016743393 119.44549326981222 165
1777016757021 119.44549326981222 166
1777016770621 119.44549326981222 167
1777016783865 119.44549326981222 168
1777016797347 119.44549326981222 169
1777016810994 119.44549326981222 170
1777016824330 119.44549326981222 171
1777016838365 119.44549326981222 172
1777016852027 119.44549326981222 173
1777016865478 119.44549326981222 174
1777016879015 119.44549326981222 175
1777016892348 119.44549326981222 176
1777016905937 119.44549326981222 177
1777016919579 119.44549326981222 178
1777016932988 119.44549326981222 179
1777016947074 119.44549326981222 180
1777016961175 119.44549326981222 181
1777016974694 119.44549326981222 182
1777016988194 119.44549326981222 183
1777017001839 119.44549326981222 184
1777017015157 119.44549326981222 185
1777017029054 119.44549326981222 186
1777017042542 119.44549326981222 187
1777017056093 119.44549326981222 188
1777017070459 119.44549326981222 189
1777017084043 119.44549326981222 190
1777017097861 119.44549326981222 191
1777017111407 119.44549326981222 192
1777017124877 119.44549326981222 193
1777017139348 119.44549326981222 194
1777017153765 119.44549326981222 195
1777017168521 119.44549326981222 196
1777017183143 119.44549326981222 197
1777017197972 119.44549326981222 198
1777017213454 119.44549326981222 199
