1777014691112 0.0 0
1777014693716 0.0 1
1777014696650 0.0 2
1777014699540 0.0 3
1777014702323 0.0 4
1777014705051 0.0 5
1777014707896 0.0 6
1777014710703 0.0 7
1777014713431 0.0 8
1777014716399 1.0 9
1777014718738 0.0 10
1777014721057 0.0 11
1777014723364 0.0 12
1777014725812 0.0 13
1777014728198 0.0 14
1777014742048 0.0 15
1777014756154 0.0 16
1777014768978 0.0 17
1777014781955 0.0 18
1777014796229 1.0 19
1777014809734 0.0 20
1777014823387 0.0 21
1777014837729 0.0 22
1777014852038 0.0 23
1777014864697 0.0 24
1777014877544 0.0 25
1777014890778 0.0 26
1777014903788 0.0 27
1777014916806 0.0 28
1777014929997 1.0 29
1777014943503 0.0 30
1777014956931 0.0 31
1777014970329 0.0 32
1777014983487 0.0 33
1777014996719 0.0 34
1777015010035 0.0 35
1777015023300 0.0 36
1777015036571 0.0 37
1777015049650 0.0 38
1777015063084 1.0 39
1777015076271 0.0 40
1777015089441 0.0 41
1777015102618 0.0 42
1777015115949 0.0 43
1777015129039 0.0 44
1777015142234 0.0 45
1777015155494 0.0 46
1777015168558 0.0 47
1777015181695 0.0 48
1777015195183 1.0 49
1777015208727 0.0 50
1777015222096 0.0 51
1777015235323 0.0 52
1777015248717 0.0 53
1777015262092 0.0 54
1777015275445 0.0 55
1777015288884 0.0 56
1777015302265 0.0 57
1777015315480 0.0 58
1777015329310 1.0 59
1777015342418 0.0 60
1777015355734 1.0 61
1777015368907 0.0 62
1777015382018 0.0 63
1777015395186 0.0 64
1777015408171 0.0 65
1777015421159 0.0 66
1777015434493 0.0 67
1777015447604 0.0 68
1777015460645 0.0 69
1777015473881 0.0 70
1777015486970 1.0 71
1777015500024 0.0 72
1777015513127 0.0 73
1777015526188 0.0 74
1777015539370 0.0 75
1777015552634 1.0 76
1777015565690 0.0 77
1777015579292 0.0 78
1777015592711 1.0 79
1777015605916 0.0 80
1777015619560 1.0 81
1777015632634 0.0 82
1777015645640 0.0 83
1777015658754 1.0 84
1777015671975 0.0 85
1777015685295 1.0 86
1777015698518 1.0 87
1777015711686 0.0 88
1777015725257 1.0 89
1777015738875 0.0 90
1777015752771 1.0 91
1777015766037 1.0 92
1777015779341 0.0 93
1777015792612 1.0 94
1777015805793 1.0 95
1777015819013 0.0 96
1777015832471 1.0 97
1777015846407 1.0 98
1777015859561 0.0 99
1777015872949 1.0 100
1777015885929 0.0 101
1777015899196 1.0 102
1777015912599 1.0 103
1777015926067 1.0 104
1777015939390 1.0 105
1777015952679 1.0 106
1777015966138 2.0 107
1777015979331 1.0 108
1777015992508 2.0 109
1777016005865 2.0 110
1777016019296 1.0 111
1777016032561 2.0 112
1777016045672 1.0 113
1777016058982 2.0 114
1777016072579 2.0 115
1777016085821 2.0 116
1777016098882 1.0 117
1777016112332 2.0 118
1777016125672 2.0 119
1777016138850 1.0 120
1777016152195 2.0 121
1777016165456 1.0 122
1777016178888 1.0 123
1777016192111 1.0 124
1777016205634 1.0 125
1777016218595 1.0 126
1777016231963 2.0 127
1777016245279 1.0 128
1777016258490 1.0 129
1777016272013 3.0 130
1777016285618 2.0 131
1777016298904 2.0 132
1777016312144 1.0 133
1777016325619 2.0 134
1777016339131 2.0 135
1777016352406 1.0 136
1777016365956 2.0 137
1777016379191 2.0 138
1777016392649 2.0 139
1777016405945 2.0 140
1777016419375 2.0 141
1777016433160 2.0 142
1777016446373 1.0 143
1777016459639 2.0 144
1777016472967 2.0 145
1777016486196 2.0 146
1777016499623 2.0 147
1777016513453 2.0 148
1777016526906 3.0 149
1777016540128 2.0 150
1777016553524 2.0 151
1777016567021 3.0 152
1777016580551 2.0 153
1777016594197 2.0 154
1777016607671 2.0 155
1777016621072 2.0 156
1777016634866 2.0 157
1777016648362 3.0 158
1777016661869 2.0 159
1777016675284 3.0 160
1777016689164 2.0 161
1777016702705 2.0 162
1777016716115 2.0 163
1777016729417 2.0 164
1777016743393 3.0 165
1777016757021 2.0 166
1777016770621 2.0 167
1777016783865 2.0 168
1777016797347 2.0 169
1777016810994 2.0 170
1777016824330 2.0 171
1777016838365 2.0 172
1777016852027 2.0 173
1777016865478 2.0 174
1777016879015 2.0 175
1777016892348 2.0 176
1777016905937 2.0 177
1777016919579 1.0 178
1777016932988 1.0 179
1777016947074 3.0 180
1777016961175 2.0 181
1777016974694 2.0 182
1777016988194 2.0 183
1777017001839 1.0 184
1777017015157 1.0 185
1777017029054 2.0 186
1777017042542 2.0 187
1777017056093 2.0 188
1777017070459 2.0 189
1777017084043 1.0 190
1777017097861 2.0 191
1777017111407 0.0 192
1777017124877 2.0 193
1777017139348 2.0 194
1777017153765 2.0 195
1777017168521 2.0 196
1777017183143 2.0 197
1777017197972 2.0 198
1777017213454 1.0 199
