1777014691112 100.0 0
1777014693716 200.0 1
1777014696650 300.0 2
1777014699540 400.0 3
1777014702323 500.0 4
1777014705051 600.0 5
1777014707896 700.0 6
1777014710703 800.0 7
1777014713431 900.0 8
1777014716399 1000.0 9
1777014718738 1100.0 10
1777014721057 1200.0 11
1777014723364 1300.0 12
1777014725812 1400.0 13
1777014728198 1500.0 14
1777014742048 1600.0 15
1777014756154 1700.0 16
1777014768978 1800.0 17
1777014781955 1900.0 18
1777014796229 2000.0 19
1777014809734 2100.0 20
1777014823387 2200.0 21
1777014837729 2300.0 22
1777014852038 2400.0 23
1777014864697 2500.0 24
1777014877544 2600.0 25
1777014890778 2700.0 26
1777014903788 2800.0 27
1777014916806 2900.0 28
1777014929997 3000.0 29
1777014943503 3100.0 30
1777014956931 3200.0 31
1777014970329 3300.0 32
1777014983487 3400.0 33
1777014996719 3500.0 34
1777015010035 3600.0 35
1777015023300 3700.0 36
1777015036571 3800.0 37
1777015049650 3900.0 38
1777015063084 4000.0 39
1777015076271 4100.0 40
1777015089441 4200.0 41
1777015102618 4300.0 42
1777015115949 4400.0 43
1777015129039 4500.0 44
1777015142234 4600.0 45
1777015155494 4700.0 46
1777015168558 4800.0 47
1777015181695 4900.0 48
1777015195183 5000.0 49
1777015208727 5100.0 50
1777015222096 5200.0 51
1777015235323 5300.0 52
1777015248717 5400.0 53
1777015262092 5500.0 54
1777015275445 5600.0 55
1777015288884 5700.0 56
1777015302265 5800.0 57
1777015315480 5900.0 58
1777015329310 6000.0 59
1777015342418 6100.0 60
1777015355734 6200.0 61
1777015368907 6300.0 62
1777015382018 6400.0 63
1777015395186 6500.0 64
1777015408171 6600.0 65
1777015421159 6700.0 66
1777015434493 6800.0 67
1777015447604 6900.0 68
1777015460645 7000.0 69
1777015473881 7100.0 70
1777015486970 7200.0 71
1777015500024 7300.0 72
1777015513127 7400.0 73
1777015526188 7500.0 74
1777015539370 7600.0 75
1777015552634 7700.0 76
1777015565690 7800.0 77
1777015579292 7900.0 78
1777015592711 8000.0 79
1777015605916 8100.0 80
1777015619560 8200.0 81
1777015632634 8300.0 82
1777015645640 8400.0 83
1777015658754 8500.0 84
1777015671975 8600.0 85
1777015685295 8700.0 86
1777015698518 8800.0 87
1777015711686 8900.0 88
1777015725257 9000.0 89
1777015738875 9100.0 90
1777015752771 9200.0 91
1777015766037 9300.0 92
1777015779341 9400.0 93
1777015792612 9500.0 94
1777015805793 9600.0 95
1777015819013 9700.0 96
1777015832471 9800.0 97
1777015846407 9900.0 98
1777015859561 10000.0 99
1777015872949 10100.0 100
1777015885929 10200.0 101
1777015899196 10300.0 102
1777015912599 10400.0 103
1777015926067 10500.0 104
1777015939390 10600.0 105
1777015952679 10700.0 106
1777015966138 10800.0 107
1777015979331 10900.0 108
1777015992508 11000.0 109
1777016005865 11100.0 110
1777016019296 11200.0 111
1777016032561 11300.0 112
1777016045672 11400.0 113
1777016058982 11500.0 114
1777016072579 11600.0 115
1777016085821 11700.0 116
1777016098882 11800.0 117
1777016112332 11900.0 118
1777016125672 12000.0 119
1777016138850 12100.0 120
1777016152195 12200.0 121
1777016165456 12300.0 122
1777016178888 12400.0 123
1777016192111 12500.0 124
1777016205634 12600.0 125
1777016218595 12700.0 126
1777016231963 12800.0 127
1777016245279 12900.0 128
1777016258490 13000.0 129
1777016272013 13100.0 130
1777016285618 13200.0 131
1777016298904 13300.0 132
1777016312144 13400.0 133
1777016325619 13500.0 134
1777016339131 13600.0 135
1777016352406 13700.0 136
1777016365956 13800.0 137
1777016379191 13900.0 138
1777016392649 14000.0 139
1777016405945 14100.0 140
1777016419375 14200.0 141
1777016433160 14300.0 142
1777016446373 14400.0 143
1777016459639 14500.0 144
1777016472967 14600.0 145
1777016486196 14700.0 146
1777016499623 14800.0 147
1777016513453 14900.0 148
1777016526906 15000.0 149
1777016540128 15100.0 150
1777016553524 15200.0 151
1777016567021 15300.0 152
1777016580551 15400.0 153
1777016594197 15500.0 154
1777016607671 15600.0 155
1777016621072 15700.0 156
1777016634866 15800.0 157
1777016648362 15900.0 158
1777016661869 16000.0 159
1777016675284 16100.0 160
1777016689164 16200.0 161
1777016702705 16300.0 162
1777016716115 16400.0 163
1777016729417 16500.0 164
1777016743393 16600.0 165
1777016757021 16700.0 166
1777016770621 16800.0 167
1777016783865 16900.0 168
1777016797347 17000.0 169
1777016810994 17100.0 170
1777016824330 17200.0 171
1777016838365 17300.0 172
1777016852027 17400.0 173
1777016865478 17500.0 174
1777016879015 17600.0 175
1777016892348 17700.0 176
1777016905937 17800.0 177
1777016919579 17900.0 178
1777016932988 18000.0 179
1777016947074 18100.0 180
1777016961175 18200.0 181
1777016974694 18300.0 182
1777016988194 18400.0 183
1777017001839 18500.0 184
1777017015157 18600.0 185
1777017029054 18700.0 186
1777017042542 18800.0 187
1777017056093 18900.0 188
1777017070459 19000.0 189
1777017084043 19100.0 190
1777017097861 19200.0 191
1777017111407 19300.0 192
1777017124877 19400.0 193
1777017139348 19500.0 194
1777017153765 19600.0 195
1777017168521 19700.0 196
1777017183143 19800.0 197
1777017197972 19900.0 198
1777017213454 20000.0 199
