1777013440899 nan 0
1777013442685 nan 1
1777013444306 nan 2
1777013445934 nan 3
1777013447563 nan 4
1777013449236 nan 5
1777013450840 nan 6
1777013452438 nan 7
1777013454055 nan 8
1777013455752 -1777.705152066068 9
1777013458032 -1777.705152066068 10
1777013460308 -1777.705152066068 11
1777013462618 -1777.705152066068 12
1777013464912 -1777.705152066068 13
1777013467204 -1777.705152066068 14
1777013480156 -1777.705152066068 15
1777013493152 -1777.705152066068 16
1777013506598 -1777.705152066068 17
1777013520245 -1777.705152066068 18
1777013533973 -1789.9362191528414 19
1777013547346 -1789.9362191528414 20
1777013561338 -1789.9362191528414 21
1777013574879 -1789.9362191528414 22
1777013588687 -1789.9362191528414 23
1777013603457 -1789.9362191528414 24
