1777013440899 nan 0
1777013442685 nan 1
1777013444306 nan 2
1777013445934 nan 3
1777013447563 nan 4
1777013449236 nan 5
1777013450840 nan 6
1777013452438 nan 7
1777013454055 nan 8
1777013455752 1000.0 9
1777013458032 1000.0 10
1777013460308 1000.0 11
1777013462618 1000.0 12
1777013464912 1000.0 13
1777013467204 1000.0 14
1777013480156 1000.0 15
1777013493152 1000.0 16
1777013506598 1000.0 17
1777013520245 1000.0 18
1777013533973 1000.0 19
1777013547346 1000.0 20
1777013561338 1000.0 21
1777013574879 1000.0 22
1777013588687 1000.0 23
1777013603457 1000.0 24
