1777013440899 0.0 0
1777013442685 0.0 1
1777013444306 0.0 2
1777013445934 0.0 3
1777013447563 0.0 4
1777013449236 0.0 5
1777013450840 0.0 6
1777013452438 0.0 7
1777013454055 0.0 8
1777013455752 1.0 9
1777013458032 0.0 10
1777013460308 0.0 11
1777013462618 0.0 12
1777013464912 0.0 13
1777013467204 0.0 14
1777013480156 0.0 15
1777013493152 0.0 16
1777013506598 0.0 17
1777013520245 0.0 18
1777013533973 1.0 19
1777013547346 0.0 20
1777013561338 0.0 21
1777013574879 0.0 22
1777013588687 0.0 23
1777013603457 0.0 24
