1777013440899 100.0 0
1777013442685 200.0 1
1777013444306 300.0 2
1777013445934 400.0 3
1777013447563 500.0 4
1777013449236 600.0 5
1777013450840 700.0 6
1777013452438 800.0 7
1777013454055 900.0 8
1777013455752 1000.0 9
1777013458032 1100.0 10
1777013460308 1200.0 11
1777013462618 1300.0 12
1777013464912 1400.0 13
1777013467204 1500.0 14
1777013480156 1600.0 15
1777013493152 1700.0 16
1777013506598 1800.0 17
1777013520245 1900.0 18
1777013533973 2000.0 19
1777013547346 2100.0 20
1777013561338 2200.0 21
1777013574879 2300.0 22
1777013588687 2400.0 23
1777013603457 2500.0 24
