1777014329096 nan 0
1777014331279 nan 1
1777014333811 nan 2
1777014336176 nan 3
1777014338657 nan 4
1777014341053 nan 5
1777014343483 nan 6
1777014345902 nan 7
1777014348307 nan 8
1777014350908 -1781.2277142903665 9
1777014353064 -1781.2277142903665 10
1777014355202 -1781.2277142903665 11
1777014357360 -1781.2277142903665 12
1777014359857 -1781.2277142903665 13
1777014362222 -1781.2277142903665 14
1777014376256 -1781.2277142903665 15
1777014390109 -1781.2277142903665 16
1777014402804 -1781.2277142903665 17
1777014415595 -1781.2277142903665 18
1777014428629 -1829.5416863297633 19
1777014441616 -1829.5416863297633 20
1777014455171 -1829.5416863297633 21
1777014469239 -1829.5416863297633 22
1777014482876 -1829.5416863297633 23
1777014496974 -1829.5416863297633 24
1777014510647 -1829.5416863297633 25
1777014525198 -1829.5416863297633 26
1777014539119 -1829.5416863297633 27
1777014554205 -1829.5416863297633 28
1777014569177 -2093.6587544744607 29
1777014583281 -2093.6587544744607 30
1777014597897 -2093.6587544744607 31
1777014612451 -2093.6587544744607 32
1777014626743 -2093.6587544744607 33
1777014641376 -2093.6587544744607 34
