1777014329096 nan 0
1777014331279 nan 1
1777014333811 nan 2
1777014336176 nan 3
1777014338657 nan 4
1777014341053 nan 5
1777014343483 nan 6
1777014345902 nan 7
1777014348307 nan 8
1777014350908 1000.0 9
1777014353064 1000.0 10
1777014355202 1000.0 11
1777014357360 1000.0 12
1777014359857 1000.0 13
1777014362222 1000.0 14
1777014376256 1000.0 15
1777014390109 1000.0 16
1777014402804 1000.0 17
1777014415595 1000.0 18
1777014428629 1000.0 19
1777014441616 1000.0 20
1777014455171 1000.0 21
1777014469239 1000.0 22
1777014482876 1000.0 23
1777014496974 1000.0 24
1777014510647 1000.0 25
1777014525198 1000.0 26
1777014539119 1000.0 27
1777014554205 1000.0 28
1777014569177 1000.0 29
1777014583281 1000.0 30
1777014597897 1000.0 31
1777014612451 1000.0 32
1777014626743 1000.0 33
1777014641376 1000.0 34
