1777014329096 0.0 0
1777014331279 0.0 1
1777014333811 0.0 2
1777014336176 0.0 3
1777014338657 0.0 4
1777014341053 0.0 5
1777014343483 0.0 6
1777014345902 0.0 7
1777014348307 0.0 8
1777014350908 1.0 9
1777014353064 0.0 10
1777014355202 0.0 11
1777014357360 0.0 12
1777014359857 0.0 13
1777014362222 0.0 14
1777014376256 0.0 15
1777014390109 0.0 16
1777014402804 0.0 17
1777014415595 0.0 18
1777014428629 1.0 19
1777014441616 0.0 20
1777014455171 0.0 21
1777014469239 0.0 22
1777014482876 0.0 23
1777014496974 0.0 24
1777014510647 0.0 25
1777014525198 0.0 26
1777014539119 0.0 27
1777014554205 0.0 28
1777014569177 1.0 29
1777014583281 0.0 30
1777014597897 0.0 31
1777014612451 0.0 32
1777014626743 0.0 33
1777014641376 0.0 34
