1777014329096 100.0 0
1777014331279 200.0 1
1777014333811 300.0 2
1777014336176 400.0 3
1777014338657 500.0 4
1777014341053 600.0 5
1777014343483 700.0 6
1777014345902 800.0 7
1777014348307 900.0 8
1777014350908 1000.0 9
1777014353064 1100.0 10
1777014355202 1200.0 11
1777014357360 1300.0 12
1777014359857 1400.0 13
1777014362222 1500.0 14
1777014376256 1600.0 15
1777014390109 1700.0 16
1777014402804 1800.0 17
1777014415595 1900.0 18
1777014428629 2000.0 19
1777014441616 2100.0 20
1777014455171 2200.0 21
1777014469239 2300.0 22
1777014482876 2400.0 23
1777014496974 2500.0 24
1777014510647 2600.0 25
1777014525198 2700.0 26
1777014539119 2800.0 27
1777014554205 2900.0 28
1777014569177 3000.0 29
1777014583281 3100.0 30
1777014597897 3200.0 31
1777014612451 3300.0 32
1777014626743 3400.0 33
1777014641376 3500.0 34
