1777029529255 0.0 0
1777029531935 0.0 1
1777029534652 0.0 2
1777029537366 0.0 3
1777029540399 0.0 4
1777029543207 0.0 5
1777029545934 0.0 6
1777029548659 0.0 7
1777029551371 0.0 8
1777029554369 0.0 9
1777029556033 0.0 10
1777029557633 0.0 11
1777029559267 0.0 12
1777029560883 0.0 13
1777029562562 0.0 14
1777029575597 0.0 15
1777029588760 0.0 16
1777029601502 0.0 17
1777029614578 0.0 18
1777029627661 0.0 19
1777029640901 0.0 20
1777029654053 0.0 21
1777029666932 0.0 22
1777029679741 0.0 23
1777029693598 0.0 24
1777029706819 0.0 25
1777029720006 0.0 26
1777029733842 0.0 27
1777029747127 0.0 28
1777029760565 0.0 29
1777029774369 0.0 30
1777029787267 0.0 31
1777029800390 0.0 32
1777029813162 0.0 33
1777029826026 0.0 34
1777029839089 0.0 35
1777029852202 0.0 36
1777029865115 0.0 37
1777029878153 0.0 38
1777029890850 0.0 39
1777029903680 0.0 40
1777029916549 0.0 41
1777029929430 0.0 42
1777029942460 0.0 43
1777029955309 0.0 44
1777029968062 0.0 45
1777029980999 0.0 46
1777029993920 0.0 47
1777030006638 0.0 48
1777030019924 0.0 49
1777030033368 0.0 50
1777030046765 0.0 51
1777030060062 0.0 52
1777030073361 0.0 53
1777030086559 0.0 54
1777030099852 0.0 55
1777030113373 0.0 56
1777030126730 0.0 57
1777030140138 0.0 58
1777030153655 0.0 59
1777030166758 0.0 60
1777030179852 0.0 61
1777030192815 0.0 62
1777030205734 0.0 63
1777030218545 0.0 64
1777030231440 0.0 65
1777030244136 0.0 66
1777030257003 0.0 67
1777030269869 0.0 68
1777030282723 0.0 69
1777030295744 0.0 70
1777030308722 0.0 71
1777030322029 0.0 72
1777030334922 0.0 73
1777030347910 0.0 74
1777030360906 0.0 75
1777030374091 0.0 76
1777030386928 0.0 77
1777030399917 0.0 78
1777030412885 0.0 79
1777030426712 0.0 80
1777030440061 0.0 81
1777030453172 0.0 82
1777030468298 0.0 83
1777030484125 0.0 84
1777030500398 0.0 85
1777030516803 0.0 86
1777030533145 0.0 87
1777030549815 0.0 88
1777030566326 0.0 89
1777030582186 0.0 90
1777030598785 0.0 91
1777030615201 0.0 92
1777030631514 0.0 93
1777030647864 0.0 94
1777030664001 0.0 95
1777030679999 0.0 96
1777030695626 0.0 97
1777030711193 0.0 98
1777030726584 0.0 99
1777030742710 1.0 100
1777030762328 1.0 101
1777030778701 1.0 102
1777030794705 1.0 103
1777030811151 1.0 104
1777030827598 2.0 105
1777030843494 2.0 106
1777030862102 2.0 107
1777030879754 2.0 108
1777030895070 2.0 109
1777030911199 2.0 110
1777030926884 2.0 111
1777030944492 2.0 112
1777030960813 2.0 113
1777030977638 2.0 114
1777030994203 3.0 115
1777031010688 3.0 116
1777031027316 3.0 117
1777031044076 3.0 118
1777031060931 3.0 119
1777031077896 3.0 120
1777031094964 3.0 121
1777031112354 3.0 122
1777031129675 3.0 123
1777031146667 3.0 124
1777031163394 3.0 125
1777031180220 3.0 126
1777031197092 3.0 127
1777031214023 3.0 128
1777031230882 3.0 129
1777031247781 3.0 130
1777031264886 3.0 131
1777031281845 3.0 132
1777031298555 3.0 133
1777031315718 3.0 134
1777031332876 3.0 135
1777031350315 3.0 136
1777031367503 3.0 137
1777031384752 3.0 138
1777031402340 3.0 139
1777031419282 3.0 140
1777031435875 3.0 141
1777031452421 3.0 142
1777031469096 3.0 143
1777031485750 3.0 144
1777031502299 3.0 145
1777031519005 3.0 146
1777031535501 3.0 147
1777031551745 3.0 148
1777031565200 3.0 149
1777031578675 3.0 150
1777031591932 3.0 151
1777031605293 3.0 152
1777031618483 3.0 153
1777031631841 3.0 154
1777031645384 3.0 155
1777031658750 3.0 156
1777031671754 3.0 157
1777031684932 3.0 158
1777031698274 3.0 159
1777031711730 3.0 160
1777031725062 3.0 161
1777031738224 3.0 162
1777031751426 3.0 163
1777031764726 3.0 164
1777031778046 3.0 165
1777031791493 3.0 166
1777031804885 3.0 167
1777031818270 3.0 168
1777031831573 3.0 169
1777031844641 3.0 170
1777031857918 3.0 171
1777031871611 3.0 172
1777031884827 3.0 173
1777031898028 3.0 174
1777031911321 3.0 175
1777031924529 3.0 176
1777031937956 3.0 177
1777031951238 3.0 178
1777031964518 3.0 179
1777031977887 3.0 180
1777031991007 3.0 181
1777032004332 3.0 182
1777032018003 3.0 183
1777032031516 3.0 184
1777032044884 3.0 185
1777032058252 3.0 186
1777032071573 3.0 187
1777032084871 3.0 188
1777032097973 3.0 189
1777032111545 3.0 190
1777032124929 3.0 191
1777032138253 3.0 192
1777032151487 3.0 193
1777032164690 3.0 194
1777032178014 3.0 195
1777032191491 3.0 196
1777032204895 3.0 197
1777032218033 3.0 198
1777032231283 3.0 199
1777032244741 3.0 200
1777032258320 3.0 201
1777032271942 3.0 202
1777032285143 3.0 203
1777032298621 3.0 204
1777032311899 3.0 205
1777032325173 3.0 206
1777032338508 3.0 207
1777032352112 3.0 208
1777032365813 3.0 209
1777032378682 3.0 210
1777032392024 3.0 211
1777032405299 3.0 212
1777032418805 3.0 213
1777032432282 3.0 214
1777032445764 3.0 215
1777032459197 3.0 216
1777032472626 3.0 217
1777032486083 3.0 218
1777032499523 3.0 219
1777032512878 3.0 220
1777032526255 3.0 221
1777032539781 3.0 222
1777032553149 3.0 223
1777032566464 3.0 224
1777032580043 3.0 225
1777032593424 3.0 226
1777032606743 3.0 227
1777032620010 3.0 228
1777032633667 3.0 229
1777032647217 3.0 230
1777032660751 3.0 231
1777032674272 3.0 232
1777032687975 3.0 233
1777032701349 3.0 234
1777032714695 3.0 235
1777032728110 3.0 236
1777032741505 3.0 237
1777032754999 3.0 238
1777032768633 3.0 239
1777032782399 3.0 240
1777032795499 3.0 241
1777032808942 3.0 242
1777032822244 3.0 243
1777032835496 3.0 244
1777032849033 3.0 245
1777032862371 3.0 246
1777032875752 3.0 247
1777032889496 3.0 248
1777032902981 3.0 249
1777032916551 3.0 250
1777032930042 3.0 251
1777032943501 3.0 252
1777032957349 3.0 253
1777032970630 3.0 254
1777032984085 3.0 255
1777032997521 3.0 256
1777033010840 3.0 257
1777033024382 3.0 258
1777033038183 3.0 259
1777033051690 3.0 260
1777033065207 3.0 261
1777033078939 3.0 262
1777033092266 3.0 263
1777033106009 3.0 264
1777033119465 3.0 265
1777033132905 3.0 266
1777033146597 3.0 267
1777033159841 3.0 268
1777033173170 3.0 269
1777033186685 3.0 270
1777033200053 3.0 271
1777033213331 3.0 272
1777033226600 3.0 273
1777033239806 3.0 274
1777033253258 3.0 275
1777033266414 3.0 276
1777033279891 3.0 277
1777033293153 3.0 278
1777033306570 3.0 279
1777033321395 3.0 280
1777033337767 3.0 281
1777033354105 3.0 282
1777033370691 3.0 283
1777033387966 3.0 284
1777033404529 3.0 285
1777033421054 3.0 286
1777033438041 3.0 287
1777033454829 3.0 288
1777033471659 3.0 289
1777033487824 3.0 290
1777033504015 3.0 291
1777033520318 3.0 292
1777033536291 3.0 293
1777033552386 3.0 294
1777033568069 3.0 295
1777033583251 3.0 296
1777033600428 3.0 297
1777033617829 3.0 298
1777033634582 3.0 299
1777033651908 3.0 300
1777033668013 3.0 301
1777033684115 3.0 302
1777033699454 3.0 303
1777033715500 3.0 304
1777033730400 3.0 305
1777033743783 3.0 306
1777033756790 3.0 307
1777033770128 3.0 308
1777033783537 3.0 309
1777033797053 3.0 310
1777033810228 3.0 311
1777033823650 3.0 312
1777033836942 3.0 313
1777033850259 3.0 314
1777033863624 3.0 315
1777033876748 3.0 316
1777033890087 3.0 317
1777033903561 3.0 318
1777033916564 3.0 319
1777033929826 3.0 320
1777033943681 3.0 321
1777033956860 3.0 322
1777033970201 3.0 323
1777033983565 3.0 324
1777033996607 3.0 325
1777034009874 3.0 326
1777034023097 3.0 327
1777034036247 3.0 328
1777034049533 3.0 329
1777034062851 3.0 330
1777034076135 3.0 331
1777034089426 3.0 332
1777034102596 3.0 333
1777034115745 3.0 334
1777034129146 3.0 335
1777034142397 3.0 336
1777034155601 3.0 337
1777034169153 3.0 338
1777034182474 3.0 339
1777034196226 3.0 340
1777034209370 3.0 341
1777034222720 3.0 342
1777034235984 3.0 343
1777034249651 3.0 344
1777034262898 3.0 345
1777034276291 3.0 346
1777034289812 3.0 347
1777034303190 3.0 348
1777034316600 3.0 349
1777034330284 3.0 350
1777034343689 3.0 351
1777034357640 3.0 352
1777034370785 3.0 353
1777034383958 3.0 354
1777034397198 3.0 355
1777034410510 3.0 356
1777034423833 3.0 357
1777034437061 3.0 358
1777034450302 3.0 359
1777034463612 3.0 360
1777034476924 3.0 361
1777034490193 3.0 362
1777034503384 3.0 363
1777034516599 3.0 364
1777034529670 3.0 365
1777034542797 3.0 366
1777034556485 3.0 367
1777034569776 3.0 368
1777034583054 3.0 369
1777034596305 3.0 370
1777034609716 3.0 371
1777034623028 3.0 372
1777034636353 3.0 373
1777034649568 3.0 374
1777034662679 3.0 375
1777034675891 3.0 376
1777034688801 3.0 377
1777034701986 3.0 378
1777034715072 3.0 379
1777034728295 3.0 380
1777034741634 3.0 381
1777034754905 3.0 382
1777034768116 3.0 383
1777034781381 3.0 384
1777034794726 3.0 385
1777034807732 3.0 386
1777034820857 3.0 387
1777034834312 3.0 388
1777034847607 3.0 389
1777034863011 3.0 390
1777034879396 3.0 391
1777034895377 3.0 392
1777034911050 3.0 393
1777034924800 3.0 394
1777034938342 3.0 395
1777034951883 3.0 396
1777034964904 3.0 397
1777034978265 3.0 398
1777034991499 3.0 399
1777035005279 3.0 400
1777035018508 3.0 401
1777035032204 3.0 402
1777035045498 3.0 403
1777035058837 3.0 404
1777035071947 3.0 405
1777035085189 3.0 406
1777035098463 3.0 407
1777035112159 3.0 408
1777035125409 3.0 409
1777035139096 3.0 410
1777035153024 3.0 411
1777035169164 3.0 412
1777035185835 3.0 413
1777035202823 3.0 414
1777035219596 3.0 415
1777035235943 3.0 416
1777035252607 3.0 417
1777035269596 3.0 418
1777035286640 3.0 419
1777035303572 3.0 420
1777035320389 3.0 421
1777035337150 3.0 422
1777035353923 3.0 423
1777035370721 3.0 424
1777035387350 3.0 425
1777035403905 3.0 426
1777035420275 3.0 427
1777035436951 3.0 428
1777035453489 3.0 429
1777035469727 3.0 430
1777035485943 3.0 431
1777035502154 3.0 432
1777035518042 3.0 433
1777035534222 3.0 434
1777035550137 3.0 435
1777035566223 3.0 436
1777035582082 3.0 437
1777035598177 3.0 438
1777035614235 3.0 439
